         t[s]                   u[ft/s]               v[ft/s]                 w[ft/s]                p[rad/s]             q[rad/s]            r[rad/s]                x[ft]                  y[ft]                  z[ft]                    e0                   ex                      ey                   ez
   0.0000000000000E+00   0.2100000000000E+03   0.0000000000000E+00   0.0000000000000E+00   0.0000000000000E+00   0.0000000000000E+00   0.0000000000000E+00   0.0000000000000E+00   0.0000000000000E+00  -0.5000000000000E+01   0.9990482215819E+00   0.0000000000000E+00   0.4361938736534E-01   0.0000000000000E+00
   0.1000000000000E-01   0.2097035631570E+03   0.0000000000000E+00   0.3197387165231E+00   0.0000000000000E+00  -0.5348137476864E-03   0.0000000000000E+00   0.2090671363086E+01   0.0000000000000E+00  -0.5181302690640E+01   0.9990482605452E+00   0.0000000000000E+00   0.4361849494800E-01   0.0000000000000E+00
   0.2000000000000E-01   0.2094076090859E+03   0.0000000000000E+00   0.6364499640672E+00   0.0000000000000E+00  -0.2122234533145E-02   0.0000000000000E+00   0.4178670879217E+01   0.0000000000000E+00  -0.5359162292218E+01   0.9990485314057E+00   0.0000000000000E+00   0.4361229065524E-01   0.0000000000000E+00
   0.3000000000000E-01   0.2091118820477E+03   0.0000000000000E+00   0.9479793551771E+00   0.0000000000000E+00  -0.4731629794448E-02   0.0000000000000E+00   0.6264001197771E+01   0.0000000000000E+00  -0.5533587053121E+01   0.9990492603054E+00   0.0000000000000E+00   0.4359559018025E-01   0.0000000000000E+00
   0.4000000000000E-01   0.2088161565170E+03   0.0000000000000E+00   0.1252256990647E+01   0.0000000000000E+00  -0.8325881982203E-02   0.0000000000000E+00   0.8346662312056E+01   0.0000000000000E+00  -0.5704584917686E+01   0.9990506654056E+00   0.0000000000000E+00   0.4356337857166E-01   0.0000000000000E+00
   0.5000000000000E-01   0.2085202425292E+03   0.0000000000000E+00   0.1547310122582E+01   0.0000000000000E+00  -0.1286180763871E-01   0.0000000000000E+00   0.1042665177327E+02   0.0000000000000E+00  -0.5872163530769E+01   0.9990529548858E+00   0.0000000000000E+00   0.4351084156798E-01   0.0000000000000E+00
   0.6000000000000E-01   0.2082239899006E+03   0.0000000000000E+00   0.1831274855763E+01   0.0000000000000E+00  -0.1829060942311E-01   0.0000000000000E+00   0.1250396496594E+02   0.0000000000000E+00  -0.6036330247272E+01   0.9990563248490E+00   0.0000000000000E+00   0.4343339474666E-01   0.0000000000000E+00
   0.7000000000000E-01   0.2079272912457E+03   0.0000000000000E+00   0.2102406806363E+01   0.0000000000000E+00  -0.2455835727715E-01   0.0000000000000E+00   0.1457859543546E+02   0.0000000000000E+00  -0.6197092145563E+01   0.9990609571851E+00   0.0000000000000E+00   0.4332671033483E-01   0.0000000000000E+00
   0.8000000000000E-01   0.2076300837541E+03   0.0000000000000E+00   0.2359090644563E+01   0.0000000000000E+00  -0.3160649466106E-01   0.0000000000000E+00   0.1665053525745E+02   0.0000000000000E+00  -0.6354456043730E+01   0.9990670174490E+00   0.0000000000000E+00   0.4318674154890E-01   0.0000000000000E+00
   0.9000000000000E-01   0.2073323497244E+03   0.0000000000000E+00   0.2599848457415E+01   0.0000000000000E+00  -0.3937236555650E-01   0.0000000000000E+00   0.1871977543761E+02   0.0000000000000E+00  -0.6508428517587E+01   0.9990746528117E+00   0.0000000000000E+00   0.4300974435082E-01   0.0000000000000E+00
   0.1000000000000E+00   0.2070341158885E+03   0.0000000000000E+00   0.2823346880276E+01   0.0000000000000E+00  -0.4778975774526E-01   0.0000000000000E+00   0.2078630633061E+02   0.0000000000000E+00  -0.6659015919463E+01   0.9990839901418E+00   0.0000000000000E+00   0.4279229653146E-01   0.0000000000000E+00
   0.1100000000000E+00   0.2067354515896E+03   0.0000000000000E+00   0.3028402958721E+01   0.0000000000000E+00  -0.5678945774026E-01   0.0000000000000E+00   0.2285011806620E+02   0.0000000000000E+00  -0.6806224396835E+01   0.9990951342714E+00   0.0000000000000E+00   0.4253131405376E-01   0.0000000000000E+00
   0.1200000000000E+00   0.2064364659087E+03   0.0000000000000E+00   0.3213988717870E+01   0.0000000000000E+00  -0.6629981267748E-01   0.0000000000000E+00   0.2491120097112E+02   0.0000000000000E+00  -0.6950059910013E+01   0.9991081665003E+00   0.0000000000000E+00   0.4222406461190E-01   0.0000000000000E+00
   0.1300000000000E+00   0.2061373038574E+03   0.0000000000000E+00   0.3379234431736E+01   0.0000000000000E+00  -0.7624729447946E-01   0.0000000000000E+00   0.2696954597591E+02   0.0000000000000E+00  -0.7090528248187E+01   0.9991231433806E+00   0.0000000000000E+00   0.4186817838554E-01   0.0000000000000E+00
   0.1400000000000E+00   0.2058381417770E+03   0.0000000000000E+00   0.3523430601167E+01   0.0000000000000E+00  -0.8655706167480E-01   0.0000000000000E+00   0.2902514499658E+02   0.0000000000000E+00  -0.7227635043294E+01   0.9991400958236E+00   0.0000000000000E+00   0.4146165599140E-01   0.0000000000000E+00
   0.1500000000000E+00   0.2055391820972E+03   0.0000000000000E+00   0.3646028664530E+01   0.0000000000000E+00  -0.9715351440362E-01   0.0000000000000E+00   0.3107799128197E+02   0.0000000000000E+00  -0.7361385781303E+01   0.9991590285595E+00   0.0000000000000E+00   0.4100287365660E-01   0.0000000000000E+00
   0.1600000000000E+00   0.2052406476218E+03   0.0000000000000E+00   0.3746640480012E+01   0.0000000000000E+00  -0.1079608383506E+00   0.0000000000000E+00   0.3312807971921E+02   0.0000000000000E+00  -0.7491785810679E+01   0.9991799199709E+00   0.0000000000000E+00   0.4049058565932E-01   0.0000000000000E+00
   0.1700000000000E+00   0.2049427755085E+03   0.0000000000000E+00   0.3825036631782E+01   0.0000000000000E+00  -0.1189035336198E+00   0.0000000000000E+00   0.3517540709089E+02   0.0000000000000E+00  -0.7618840347902E+01   0.9992027223163E+00   0.0000000000000E+00   0.3992392410271E-01   0.0000000000000E+00
   0.1800000000000E+00   0.2046458111164E+03   0.0000000000000E+00   0.3881143623896E+01   0.0000000000000E+00  -0.1299069248887E+00   0.0000000000000E+00   0.3721997227907E+02   0.0000000000000E+00  -0.7742554480095E+01   0.9992273623457E+00   0.0000000000000E+00   0.3930239610622E-01   0.0000000000000E+00
   0.1900000000000E+00   0.2043500018842E+03   0.0000000000000E+00   0.3915040035484E+01   0.0000000000000E+00  -0.1408976495422E+00   0.0000000000000E+00   0.3926177641308E+02   0.0000000000000E+00  -0.7862933164898E+01   0.9992537423042E+00   0.0000000000000E+00   0.3862587851558E-01   0.0000000000000E+00
   0.2000000000000E+00   0.2040555913976E+03   0.0000000000000E+00   0.3926951718201E+01   0.0000000000000E+00  -0.1518041208771E+00   0.0000000000000E+00   0.4130082295931E+02   0.0000000000000E+00  -0.7979981227873E+01   0.9992817413093E+00   0.0000000000000E+00   0.3789461024725E-01   0.0000000000000E+00
   0.2100000000000E+00   0.2037628137904E+03   0.0000000000000E+00   0.3917246122124E+01   0.0000000000000E+00  -0.1625569638789E+00   0.0000000000000E+00   0.4333711775305E+02   0.0000000000000E+00  -0.8093703357793E+01   0.9993112170800E+00   0.0000000000000E+00   0.3710918239675E-01   0.0000000000000E+00
   0.2200000000000E+00   0.2034718886049E+03   0.0000000000000E+00   0.3886425839321E+01   0.0000000000000E+00  -0.1730894214797E+00   0.0000000000000E+00   0.4537066897379E+02   0.0000000000000E+00  -0.8204104100260E+01   0.9993420079860E+00   0.0000000000000E+00   0.3627052625070E-01   0.0000000000000E+00
   0.2300000000000E+00   0.2031830162241E+03   0.0000000000000E+00   0.3835121455249E+01   0.0000000000000E+00  -0.1833377296123E+00   0.0000000000000E+00   0.4740148706683E+02   0.0000000000000E+00  -0.8311187850130E+01   0.9993739353825E+00   0.0000000000000E+00   0.3537989935187E-01   0.0000000000000E+00
   0.2400000000000E+00   0.2028963739639E+03   0.0000000000000E+00   0.3764083797246E+01   0.0000000000000E+00  -0.1932414597648E+00   0.0000000000000E+00   0.4942958461510E+02   0.0000000000000E+00  -0.8414958843284E+01   0.9994068061849E+00   0.0000000000000E+00   0.3443886977366E-01   0.0000000000000E+00
   0.2500000000000E+00   0.2026121128924E+03   0.0000000000000E+00   0.3674175666987E+01   0.0000000000000E+00  -0.2027438280988E+00   0.0000000000000E+00   0.5145497616660E+02   0.0000000000000E+00  -0.8515421148273E+01   0.9994404156387E+00   0.0000000000000E+00   0.3344929876588E-01   0.0000000000000E+00
   0.2600000000000E+00   0.2023303554234E+03   0.0000000000000E+00   0.3566363140065E+01   0.0000000000000E+00  -0.2117919705311E+00   0.0000000000000E+00   0.5347767802309E+02   0.0000000000000E+00  -0.8612578658361E+01   0.9994745502318E+00   0.0000000000000E+00   0.3241332193744E-01   0.0000000000000E+00
   0.2700000000000E+00   0.2020511937069E+03   0.0000000000000E+00   0.3441706511360E+01   0.0000000000000E+00  -0.2203371834727E+00   0.0000000000000E+00   0.5549770799712E+02   0.0000000000000E+00  -0.8706435084491E+01   0.9995089906973E+00   0.0000000000000E+00   0.3133332914405E-01   0.0000000000000E+00
   0.2800000000000E+00   0.2017746888206E+03   0.0000000000000E+00   0.3301350959732E+01   0.0000000000000E+00  -0.2283351301803E+00   0.0000000000000E+00   0.5751508514423E+02   0.0000000000000E+00  -0.8796993949606E+01   0.9995435150533E+00   0.0000000000000E+00   0.3021194325008E-01   0.0000000000000E+00
   0.2900000000000E+00   0.2015008707433E+03   0.0000000000000E+00   0.3146517000308E+01   0.0000000000000E+00  -0.2357460129020E+00   0.0000000000000E+00   0.5952982947801E+02   0.0000000000000E+00  -0.8884258584773E+01   0.9995779016245E+00   0.0000000000000E+00   0.2905199793363E-01   0.0000000000000E+00
   0.3000000000000E+00   0.2012297390749E+03   0.0000000000000E+00   0.2978490787392E+01   0.0000000000000E+00  -0.2425347111860E+00   0.0000000000000E+00   0.6154196167553E+02   0.0000000000000E+00  -0.8968232127418E+01   0.9996119319959E+00   0.0000000000000E+00   0.2785651470292E-01   0.0000000000000E+00
   0.3100000000000E+00   0.2009612644504E+03   0.0000000000000E+00   0.2798614326153E+01   0.0000000000000E+00  -0.2486708868783E+00   0.0000000000000E+00   0.6355150278040E+02   0.0000000000000E+00  -0.9048917521964E+01   0.9996453938469E+00   0.0000000000000E+00   0.2662867929037E-01   0.0000000000000E+00
   0.3200000000000E+00   0.2006953905808E+03   0.0000000000000E+00   0.2608275646809E+01   0.0000000000000E+00  -0.2541290564703E+00   0.0000000000000E+00   0.6555847391087E+02   0.0000000000000E+00  -0.9126317523056E+01   0.9996780836211E+00   0.0000000000000E+00   0.2537181758817E-01   0.0000000000000E+00
   0.3300000000000E+00   0.2004320368398E+03   0.0000000000000E+00   0.2408898991346E+01   0.0000000000000E+00  -0.2588886315578E+00   0.0000000000000E+00   0.6756289597945E+02   0.0000000000000E+00  -0.9200434701469E+01   0.9997098089901E+00   0.0000000000000E+00   0.2408937128609E-01   0.0000000000000E+00
   0.3400000000000E+00   0.2001711013103E+03   0.0000000000000E+00   0.2201935059690E+01   0.0000000000000E+00  -0.2629339282721E+00   0.0000000000000E+00   0.6956478943024E+02   0.0000000000000E+00  -0.9271271452744E+01   0.9997403910744E+00   0.0000000000000E+00   0.2278487336896E-01   0.0000000000000E+00
   0.3500000000000E+00   0.1999124641921E+03   0.0000000000000E+00   0.1988851359993E+01   0.0000000000000E+00  -0.2662541466159E+00   0.0000000000000E+00   0.7156417399937E+02   0.0000000000000E+00  -0.9338830008468E+01   0.9997696663903E+00   0.0000000000000E+00   0.2146192362697E-01   0.0000000000000E+00
   0.3600000000000E+00   0.1996559914718E+03   0.0000000000000E+00   0.1771122705981E+01   0.0000000000000E+00  -0.2688433207134E+00   0.0000000000000E+00   0.7356106850313E+02   0.0000000000000E+00  -0.9403112450087E+01   0.9997974884996E+00   0.0000000000000E+00   0.2012416432776E-01   0.0000000000000E+00
   0.3700000000000E+00   0.1994015387529E+03   0.0000000000000E+00   0.1550221903273E+01   0.0000000000000E+00  -0.2707002410523E+00   0.0000000000000E+00   0.7555549065742E+02   0.0000000000000E+00  -0.9464120725025E+01   0.9998237293417E+00   0.0000000000000E+00   0.1877525619442E-01   0.0000000000000E+00
   0.3800000000000E+00   0.1991489551447E+03   0.0000000000000E+00   0.1327610665910E+01   0.0000000000000E+00  -0.2718283498672E+00   0.0000000000000E+00   0.7754745693140E+02   0.0000000000000E+00  -0.9521856664869E+01   0.9998482802388E+00   0.0000000000000E+00   0.1741885482825E-01   0.0000000000000E+00
   0.3900000000000E+00   0.1988980871117E+03   0.0000000000000E+00   0.1104730804036E+01   0.0000000000000E+00  -0.2722356108883E+00   0.0000000000000E+00   0.7953698243702E+02   0.0000000000000E+00  -0.9576322005272E+01   0.9998710525667E+00   0.0000000000000E+00   0.1605858770956E-01   0.0000000000000E+00
   0.4000000000000E+00   0.1986487821913E+03   0.0000000000000E+00   0.8829957234096E+00   0.0000000000000E+00  -0.2719343547615E+00   0.0000000000000E+00   0.8152408085545E+02   0.0000000000000E+00  -0.9627518407243E+01   0.9998919780947E+00   0.0000000000000E+00   0.1469803190354E-01   0.0000000000000E+00
   0.4100000000000E+00   0.1984008924941E+03   0.0000000000000E+00   0.6637822771878E+00   0.0000000000000E+00  -0.2709411015311E+00   0.0000000000000E+00   0.8350876440011E+02   0.0000000000000E+00  -0.9675447479414E+01   0.9999110090009E+00   0.0000000000000E+00   0.1334069259179E-01   0.0000000000000E+00
   0.4200000000000E+00   0.1981542779107E+03   0.0000000000000E+00   0.4484230099224E+00   0.0000000000000E+00  -0.2692763616696E+00   0.0000000000000E+00   0.8549104381549E+02   0.0000000000000E+00  -0.9720110800890E+01   0.9999281175758E+00   0.0000000000000E+00   0.1198998254263E-01   0.0000000000000E+00
   0.4300000000000E+00   0.1979088089597E+03   0.0000000000000E+00   0.2381988328454E+00   0.0000000000000E+00  -0.2669644172344E+00   0.0000000000000E+00   0.8747092840994E+02   0.0000000000000E+00  -0.9761509944266E+01   0.9999432956340E+00   0.0000000000000E+00   0.1064920262598E-01   0.0000000000000E+00
   0.4400000000000E+00   0.1976643692221E+03   0.0000000000000E+00   0.3433216817284E-01   0.0000000000000E+00  -0.2640330848304E+00   0.0000000000000E+00   0.8944842611974E+02   0.0000000000000E+00  -0.9799646498400E+01   0.9999565536563E+00   0.0000000000000E+00   0.9321523469970E-02   0.0000000000000E+00
   0.4500000000000E+00   0.1974208573214E+03   0.0000000000000E+00  -0.1620194017880E+00   0.0000000000000E+00  -0.2605134621532E+00   0.0000000000000E+00   0.9142354360139E+02   0.0000000000000E+00  -0.9834522090565E+01   0.9999679196890E+00   0.0000000000000E+00   0.8009968347742E-02   0.0000000000000E+00
   0.4600000000000E+00   0.1971781884215E+03   0.0000000000000E+00  -0.3497689475304E+00   0.0000000000000E+00  -0.2564396599802E+00   0.0000000000000E+00   0.9339628634829E+02   0.0000000000000E+00  -0.9866138407601E+01   0.9999774380317E+00   0.0000000000000E+00   0.6717397373720E-02   0.0000000000000E+00
   0.4700000000000E+00   0.1969362952260E+03   0.0000000000000E+00  -0.5279054372905E+00   0.0000000000000E+00  -0.2518485215616E+00   0.0000000000000E+00   0.9536665882767E+02   0.0000000000000E+00  -0.9894497215751E+01   0.9999851677466E+00   0.0000000000000E+00   0.5446493078471E-02   0.0000000000000E+00
   0.4800000000000E+00   0.1966951284784E+03   0.0000000000000E+00  -0.6954983879907E+00   0.0000000000000E+00  -0.2467793314346E+00   0.0000000000000E+00   0.9733466463321E+02   0.0000000000000E+00  -0.9919600378893E+01   0.9999911810219E+00   0.0000000000000E+00   0.4199747421274E-02   0.0000000000000E+00
   0.4900000000000E+00   0.1964546569721E+03   0.0000000000000E+00  -0.8517019006186E+00   0.0000000000000E+00  -0.2412735157456E+00   0.0000000000000E+00   0.9930030664873E+02   0.0000000000000E+00  -0.9941449874926E+01   0.9999955614281E+00   0.0000000000000E+00   0.2979450288822E-02   0.0000000000000E+00
   0.5000000000000E+00   0.1962148670947E+03   0.0000000000000E+00  -0.9957580634713E+00   0.0000000000000E+00  -0.2353743361999E+00   0.0000000000000E+00   0.1012635872182E+03   0.0000000000000E+00  -0.9960047810131E+01   0.9999984020997E+00   0.0000000000000E+00   0.1787679517635E-02   0.0000000000000E+00
   0.5100000000000E+00   0.1959757619372E+03   0.0000000000000E+00  -0.1126999712077E+01   0.0000000000000E+00  -0.2291265797853E+00   0.0000000000000E+00   0.1032245083176E+03   0.0000000000000E+00  -0.9975396431374E+01   0.9999998038789E+00   0.0000000000000E+00   0.6262924668229E-03   0.0000000000000E+00
   0.5200000000000E+00   0.1957373600119E+03   0.0000000000000E+00  -0.1244852540254E+01   0.0000000000000E+00  -0.2225762464098E+00   0.0000000000000E+00   0.1051830717235E+03   0.0000000000000E+00  -0.9987498136078E+01   0.9999998734548E+00   0.0000000000000E+00  -0.5030808432083E-03   0.0000000000000E+00
   0.5300000000000E+00   0.1954996936293E+03   0.0000000000000E+00  -0.1348836562529E+01   0.0000000000000E+00  -0.2157702365730E+00   0.0000000000000E+00   0.1071392791750E+03   0.0000000000000E+00  -0.9996355479930E+01   0.9999987215299E+00   0.0000000000000E+00  -0.1599043021403E-02   0.0000000000000E+00
   0.5400000000000E+00   0.1952628069905E+03   0.0000000000000E+00  -0.1438566933875E+01   0.0000000000000E+00  -0.2087560411443E+00   0.0000000000000E+00   0.1090931325247E+03   0.0000000000000E+00  -0.1000197118238E+02   0.9999964610418E+00   0.0000000000000E+00  -0.2660433032063E-02   0.0000000000000E+00
   0.5500000000000E+00   0.1950267540559E+03   0.0000000000000E+00  -0.1513754138290E+01   0.0000000000000E+00  -0.2015814352535E+00   0.0000000000000E+00   0.1110446338754E+03   0.0000000000000E+00  -0.1000434812996E+02   0.9999932054685E+00   0.0000000000000E+00  -0.3686328372595E-02   0.0000000000000E+00
   0.5600000000000E+00   0.1947915962554E+03   0.0000000000000E+00  -0.1574203563000E+01   0.0000000000000E+00  -0.1942941782117E+00   0.0000000000000E+00   0.1129937856995E+03   0.0000000000000E+00  -0.1000348937763E+02   0.9999890672384E+00   0.0000000000000E+00  -0.4676045729321E-02   0.0000000000000E+00
   0.5700000000000E+00   0.1945574001047E+03   0.0000000000000E+00  -0.1619814479912E+01   0.0000000000000E+00  -0.1869417212743E+00   0.0000000000000E+00   0.1149405909390E+03   0.0000000000000E+00  -0.9999398148191E+01   0.9999841562651E+00   0.0000000000000E+00  -0.5629140147080E-02   0.0000000000000E+00
   0.5800000000000E+00   0.1943242347918E+03   0.0000000000000E+00  -0.1650578460260E+01   0.0000000000000E+00  -0.1795709249376E+00   0.0000000000000E+00   0.1168850530846E+03   0.0000000000000E+00  -0.9992077830008E+01   0.9999785786219E+00   0.0000000000000E+00  -0.6545402757167E-02   0.0000000000000E+00
   0.5900000000000E+00   0.1940921697983E+03   0.0000000000000E+00  -0.1666577252126E+01   0.0000000000000E+00  -0.1722277873242E+00   0.0000000000000E+00   0.1188271762324E+03   0.0000000000000E+00  -0.9981531973308E+01   0.9999724353685E+00   0.0000000000000E+00  -0.7424857116225E-02   0.0000000000000E+00
   0.6000000000000E+00   0.1938612726120E+03   0.0000000000000E+00  -0.1667980153652E+01   0.0000000000000E+00  -0.1649571850716E+00   0.0000000000000E+00   0.1207669651177E+03   0.0000000000000E+00  -0.9967764285148E+01   0.9999658215360E+00   0.0000000000000E+00  -0.8267754216164E-02   0.0000000000000E+00
   0.6100000000000E+00   0.1936316065867E+03   0.0000000000000E+00  -0.1655040917181E+01   0.0000000000000E+00  -0.1578026279842E+00   0.0000000000000E+00   0.1227044251264E+03   0.0000000000000E+00  -0.9950778623366E+01   0.9999588252762E+00   0.0000000000000E+00  -0.9074566231713E-02   0.0000000000000E+00
   0.6200000000000E+00   0.1934032289966E+03   0.0000000000000E+00  -0.1628094221426E+01   0.0000000000000E+00  -0.1508060285606E+00   0.0000000000000E+00   0.1246395622842E+03   0.0000000000000E+00  -0.9930578989715E+01   0.9999515271732E+00   0.0000000000000E+00  -0.9845979078118E-02   0.0000000000000E+00
   0.6300000000000E+00   0.1931761893263E+03   0.0000000000000E+00  -0.1587551749972E+01   0.0000000000000E+00  -0.1440074873498E+00   0.0000000000000E+00   0.1265723832259E+03   0.0000000000000E+00  -0.9907169522397E+01   0.9999439997166E+00   0.0000000000000E+00  -0.1058288385651E-01   0.0000000000000E+00
   0.6400000000000E+00   0.1929505278306E+03   0.0000000000000E+00  -0.1533897915067E+01   0.0000000000000E+00  -0.1374450949421E+00   0.0000000000000E+00   0.1285028951440E+03   0.0000000000000E+00  -0.9880554488201E+01   0.9999363069285E+00   0.0000000000000E+00  -0.1128636726871E-01   0.0000000000000E+00
   0.6500000000000E+00   0.1927262743894E+03   0.0000000000000E+00  -0.1467685265826E+01   0.0000000000000E+00  -0.1311547512520E+00   0.0000000000000E+00   0.1304311057224E+03   0.0000000000000E+00  -0.9850738274431E+01   0.9999285041365E+00   0.0000000000000E+00  -0.1195770108692E-01   0.0000000000000E+00
   0.6600000000000E+00   0.1925034476751E+03   0.0000000000000E+00  -0.1389529619733E+01   0.0000000000000E+00  -0.1251700026110E+00   0.0000000000000E+00   0.1323570230538E+03   0.0000000000000E+00  -0.9817725380788E+01   0.9999206378818E+00   0.0000000000000E+00  -0.1259833076622E-01   0.0000000000000E+00
   0.6700000000000E+00   0.1922820546418E+03   0.0000000000000E+00  -0.1300104955722E+01   0.0000000000000E+00  -0.1195218970553E+00   0.0000000000000E+00   0.1342806555466E+03   0.0000000000000E+00  -0.9781520411336E+01   0.9999127459493E+00   0.0000000000000E+00  -0.1320986329037E-01   0.0000000000000E+00
   0.6800000000000E+00   0.1920620903373E+03   0.0000000000000E+00  -0.1200138106296E+01   0.0000000000000E+00  -0.1142388580686E+00   0.0000000000000E+00   0.1362020118219E+03   0.0000000000000E+00  -0.9742128066661E+01   0.9999048575064E+00   0.0000000000000E+00  -0.1379405434250E-01   0.0000000000000E+00
   0.6900000000000E+00   0.1918435380302E+03   0.0000000000000E+00  -0.1090403285100E+01   0.0000000000000E+00  -0.1093465769274E+00   0.0000000000000E+00   0.1381211006050E+03   0.0000000000000E+00  -0.9699553136301E+01   0.9998969933342E+00   0.0000000000000E+00  -0.1435279489348E-01   0.0000000000000E+00
   0.7000000000000E+00   0.1916263696399E+03   0.0000000000000E+00  -0.9717164853050E+00   0.0000000000000E+00  -0.1048679236861E+00   0.0000000000000E+00   0.1400379306143E+03   0.0000000000000E+00  -0.9653800491490E+01   0.9998891661373E+00   0.0000000000000E+00  -0.1488809730089E-01   0.0000000000000E+00
   0.7100000000000E+00   0.1914105464471E+03   0.0000000000000E+00  -0.8449297829509E+00   0.0000000000000E+00  -0.1008228767441E+00   0.0000000000000E+00   0.1419525104496E+03   0.0000000000000E+00  -0.9604875078239E+01   0.9998813809150E+00   0.0000000000000E+00  -0.1540208101167E-01   0.0000000000000E+00
   0.7200000000000E+00   0.1911960200591E+03   0.0000000000000E+00  -0.7109255783026E+00   0.0000000000000E+00  -0.9722847084458E-01   0.0000000000000E+00   0.1438648484842E+03   0.0000000000000E+00  -0.9552781910736E+01   0.9998736353798E+00   0.0000000000000E+00  -0.1589695796058E-01   0.0000000000000E+00
   0.7300000000000E+00   0.1909827335979E+03   0.0000000000000E+00  -0.5706108071680E+00   0.0000000000000E+00  -0.9409876327375E-01   0.0000000000000E+00   0.1457749527621E+03   0.0000000000000E+00  -0.9497526065037E+01   0.9998659204081E+00   0.0000000000000E+00  -0.1637501775608E-01   0.0000000000000E+00
   0.7400000000000E+00   0.1907706230766E+03   0.0000000000000E+00  -0.4249111531149E+00   0.0000000000000E+00  -0.9144481794683E-01   0.0000000000000E+00   0.1476828309041E+03   0.0000000000000E+00  -0.9439112672990E+01   0.9998582205097E+00   0.0000000000000E+00  -0.1683861274329E-01   0.0000000000000E+00
   0.7500000000000E+00   0.1905596189240E+03   0.0000000000000E+00  -0.2747652905838E+00   0.0000000000000E+00  -0.8927470699889E-01   0.0000000000000E+00   0.1495884900233E+03   0.0000000000000E+00  -0.9377546916319E+01   0.9998505143040E+00   0.0000000000000E+00  -0.1729014303256E-01   0.0000000000000E+00
   0.7600000000000E+00   0.1903496476179E+03   0.0000000000000E+00  -0.1211191880359E+00   0.0000000000000E+00  -0.8759352942558E-01   0.0000000000000E+00   0.1514919366543E+03   0.0000000000000E+00  -0.9312834020784E+01   0.9998427749909E+00   0.0000000000000E+00  -0.1773204157948E-01   0.0000000000000E+00
   0.7700000000000E+00   0.1901406333847E+03   0.0000000000000E+00   0.3507950053830E-01   0.0000000000000E+00  -0.8640344625363E-01   0.0000000000000E+00   0.1533931766952E+03   0.0000000000000E+00  -0.9244979250319E+01   0.9998349708091E+00   0.0000000000000E+00  -0.1816675940020E-01   0.0000000000000E+00
   0.7800000000000E+00   0.1899324999241E+03   0.0000000000000E+00   0.1928869281985E+00   0.0000000000000E+00  -0.8570373165632E-01   0.0000000000000E+00   0.1552922153650E+03   0.0000000000000E+00  -0.9173987901058E+01   0.9998270654729E+00   0.0000000000000E+00  -0.1859675100305E-01   0.0000000000000E+00
   0.7900000000000E+00   0.1897251721171E+03   0.0000000000000E+00   0.3513684049516E+00   0.0000000000000E+00  -0.8549083936594E-01   0.0000000000000E+00   0.1571890571769E+03   0.0000000000000E+00  -0.9099865295146E+01   0.9998190185815E+00   0.0000000000000E+00  -0.1902446011418E-01   0.0000000000000E+00
   0.8000000000000E+00   0.1895185776790E+03   0.0000000000000E+00   0.5096035790209E+00   0.0000000000000E+00  -0.8575848367412E-01   0.0000000000000E+00   0.1590837059280E+03   0.0000000000000E+00  -0.9022616774245E+01   0.9998107859991E+00   0.0000000000000E+00  -0.1945230577194E-01   0.0000000000000E+00
   0.8100000000000E+00   0.1893126487208E+03   0.0000000000000E+00   0.6666914244430E+00   0.0000000000000E+00  -0.8649773425053E-01   0.0000000000000E+00   0.1609761647043E+03   0.0000000000000E+00  -0.8942247692664E+01   0.9998023202008E+00   0.0000000000000E+00  -0.1988266886085E-01   0.0000000000000E+00
   0.8200000000000E+00   0.1891073231855E+03   0.0000000000000E+00   0.8217550109689E+00   0.0000000000000E+00  -0.8769712395234E-01   0.0000000000000E+00   0.1628664359027E+03   0.0000000000000E+00  -0.8858763410031E+01   0.9997935705868E+00   0.0000000000000E+00  -0.2031787915197E-01   0.0000000000000E+00
   0.8300000000000E+00   0.1889025461301E+03   0.0000000000000E+00   0.9739460334189E+00   0.0000000000000E+00  -0.8934276874032E-01   0.0000000000000E+00   0.1647545212669E+03   0.0000000000000E+00  -0.8772169283478E+01   0.9997844837639E+00   0.0000000000000E+00  -0.2076020291253E-01   0.0000000000000E+00
   0.8400000000000E+00   0.1886982708291E+03   0.0000000000000E+00   0.1122449078990E+01   0.0000000000000E+00  -0.9141849876404E-01   0.0000000000000E+00   0.1666404219379E+03   0.0000000000000E+00  -0.8682470659283E+01   0.9997750037981E+00   0.0000000000000E+00  -0.2121183114282E-01   0.0000000000000E+00
   0.8500000000000E+00   0.1884944596789E+03   0.0000000000000E+00   0.1266485612563E+01   0.0000000000000E+00  -0.9390599962895E-01   0.0000000000000E+00   0.1685241385172E+03   0.0000000000000E+00  -0.8589672863993E+01   0.9997650724424E+00   0.0000000000000E+00  -0.2167486849391E-01   0.0000000000000E+00
   0.8600000000000E+00   0.1882910848895E+03   0.0000000000000E+00   0.1405317661820E+01   0.0000000000000E+00  -0.9678496281248E-01   0.0000000000000E+00   0.1704056711408E+03   0.0000000000000E+00  -0.8493781195009E+01   0.9997546293432E+00   0.0000000000000E+00  -0.2215132291433E-01   0.0000000000000E+00
   0.8700000000000E+00   0.1880881289532E+03   0.0000000000000E+00   0.1538251185939E+01   0.0000000000000E+00  -0.1000332441570E+00   0.0000000000000E+00   0.1722850195619E+03   0.0000000000000E+00  -0.8394800910699E+01   0.9997436122329E+00   0.0000000000000E+00  -0.2264309606910E-01   0.0000000000000E+00
   0.8800000000000E+00   0.1878855848862E+03   0.0000000000000E+00   0.1664639113805E+01   0.0000000000000E+00  -0.1036270293339E+00   0.0000000000000E+00   0.1741621832417E+03   0.0000000000000E+00  -0.8292737220084E+01   0.9997319571133E+00   0.0000000000000E+00  -0.2315197456863E-01   0.0000000000000E+00
   0.8900000000000E+00   0.1876834562452E+03   0.0000000000000E+00   0.1783884040028E+01   0.0000000000000E+00  -0.1075410051473E+00   0.0000000000000E+00   0.1760371614452E+03   0.0000000000000E+00  -0.8187595272182E+01   0.9997195984375E+00   0.0000000000000E+00  -0.2367962203971E-01   0.0000000000000E+00
   0.9000000000000E+00   0.1874817569240E+03   0.0000000000000E+00   0.1895440569539E+01   0.0000000000000E+00  -0.1117485355281E+00   0.0000000000000E+00   0.1779099533393E+03   0.0000000000000E+00  -0.8079380145117E+01   0.9997064692958E+00   0.0000000000000E+00  -0.2422757206513E-01   0.0000000000000E+00
   0.9100000000000E+00   0.1872805107421E+03   0.0000000000000E+00   0.1998817304174E+01   0.0000000000000E+00  -0.1162218410609E+00   0.0000000000000E+00   0.1797805580924E+03   0.0000000000000E+00  -0.7968096835112E+01   0.9996925016126E+00   0.0000000000000E+00  -0.2479722201246E-01   0.0000000000000E+00
   0.9200000000000E+00   0.1870797508385E+03   0.0000000000000E+00   0.2093578467313E+01   0.0000000000000E+00  -0.1209321808857E+00   0.0000000000000E+00   0.1816489749730E+03   0.0000000000000E+00  -0.7853750245498E+01   0.9996776263606E+00   0.0000000000000E+00  -0.2538982776713E-01   0.0000000000000E+00
   0.9300000000000E+00   0.1868795188921E+03   0.0000000000000E+00   0.2179345165402E+01   0.0000000000000E+00  -0.1258500358271E+00   0.0000000000000E+00   0.1835152034444E+03   0.0000000000000E+00  -0.7736345175896E+01   0.9996617737965E+00   0.0000000000000E+00  -0.2600649937891E-01   0.0000000000000E+00
   0.9400000000000E+00   0.1866798641874E+03   0.0000000000000E+00   0.2255796287836E+01   0.0000000000000E+00  -0.1309452916226E+00   0.0000000000000E+00   0.1853792432551E+03   0.0000000000000E+00  -0.7615886311712E+01   0.9996448737243E+00   0.0000000000000E+00  -0.2664819762526E-01   0.0000000000000E+00
   0.9500000000000E+00   0.1864808425532E+03   0.0000000000000E+00   0.2322669049360E+01   0.0000000000000E+00  -0.1361874211511E+00   0.0000000000000E+00   0.1872410945213E+03   0.0000000000000E+00  -0.7492378214126E+01   0.9996268557883E+00   0.0000000000000E+00  -0.2731573148958E-01   0.0000000000000E+00
   0.9600000000000E+00   0.1862825151981E+03   0.0000000000000E+00   0.2379759181657E+01   0.0000000000000E+00  -0.1415456645985E+00   0.0000000000000E+00   0.1891007578028E+03   0.0000000000000E+00  -0.7365825310716E+01   0.9996076497998E+00   0.0000000000000E+00  -0.2800975654693E-01   0.0000000000000E+00
   0.9700000000000E+00   0.1860849474721E+03   0.0000000000000E+00   0.2426920783137E+01   0.0000000000000E+00  -0.1469892065450E+00   0.0000000000000E+00   0.1909582341672E+03   0.0000000000000E+00  -0.7236231886888E+01   0.9995871860980E+00   0.0000000000000E+00  -0.2873077424443E-01   0.0000000000000E+00
   0.9800000000000E+00   0.1858882075809E+03   0.0000000000000E+00   0.2464065838183E+01   0.0000000000000E+00  -0.1524873490101E+00   0.0000000000000E+00   0.1928135252453E+03   0.0000000000000E+00  -0.7103602078251E+01   0.9995653959462E+00   0.0000000000000E+00  -0.2947913205891E-01   0.0000000000000E+00
   0.9900000000000E+00   0.1856923652832E+03   0.0000000000000E+00   0.2491163419030E+01   0.0000000000000E+00  -0.1580096795510E+00   0.0000000000000E+00   0.1946666332738E+03   0.0000000000000E+00  -0.6967939864083E+01   0.9995422119610E+00   0.0000000000000E+00  -0.3025502450937E-01   0.0000000000000E+00
   0.1000000000000E+01   0.1854974905954E+03   0.0000000000000E+00   0.2508238585202E+01   0.0000000000000E+00  -0.1635262335745E+00   0.0000000000000E+00   0.1965175611264E+03   0.0000000000000E+00  -0.6829249062009E+01   0.9995175685742E+00   0.0000000000000E+00  -0.3105849499774E-01   0.0000000000000E+00
   0.1010000000000E+01   0.1853036525334E+03   0.0000000000000E+00   0.2515370996919E+01   0.0000000000000E+00  -0.1690076500916E+00   0.0000000000000E+00   0.1983663123329E+03   0.0000000000000E+00  -0.6687533323995E+01   0.9994914025221E+00   0.0000000000000E+00  -0.3188943844709E-01   0.0000000000000E+00
   0.1020000000000E+01   0.1851109179124E+03   0.0000000000000E+00   0.2512693260092E+01   0.0000000000000E+00  -0.1744253202142E+00   0.0000000000000E+00   0.2002128910858E+03   0.0000000000000E+00  -0.6542796133748E+01   0.9994636533593E+00   0.0000000000000E+00  -0.3274760470291E-01   0.0000000000000E+00
   0.1030000000000E+01   0.1849193502294E+03   0.0000000000000E+00   0.2500389021485E+01   0.0000000000000E+00  -0.1797515277676E+00   0.0000000000000E+00   0.2020573022346E+03   0.0000000000000E+00  -0.6395040805582E+01   0.9994342639905E+00   0.0000000000000E+00  -0.3363260265980E-01   0.0000000000000E+00
   0.1040000000000E+01   0.1847290086467E+03   0.0000000000000E+00   0.2478690833350E+01   0.0000000000000E+00  -0.1849595814665E+00   0.0000000000000E+00   0.2038995512689E+03   0.0000000000000E+00  -0.6244270484796E+01   0.9994031812148E+00   0.0000000000000E+00  -0.3454390507260E-01   0.0000000000000E+00
   0.1050000000000E+01   0.1845399470937E+03   0.0000000000000E+00   0.2447877807308E+01   0.0000000000000E+00  -0.1900239381745E+00   0.0000000000000E+00   0.2057396442907E+03   0.0000000000000E+00  -0.6090488149566E+01   0.9993703562738E+00   0.0000000000000E+00  -0.3548085400878E-01   0.0000000000000E+00
   0.1060000000000E+01   0.1843522134995E+03   0.0000000000000E+00   0.2408273077519E+01   0.0000000000000E+00  -0.1949203168410E+00   0.0000000000000E+00   0.2075775879765E+03   0.0000000000000E+00  -0.5933696614362E+01   0.9993357453977E+00   0.0000000000000E+00  -0.3644266689633E-01   0.0000000000000E+00
   0.1070000000000E+01   0.1841658491684E+03   0.0000000000000E+00   0.2360241093271E+01   0.0000000000000E+00  -0.1996258027786E+00   0.0000000000000E+00   0.2094133895306E+03   0.0000000000000E+00  -0.5773898534833E+01   0.9992993103398E+00   0.0000000000000E+00  -0.3742844311959E-01   0.0000000000000E+00
   0.1080000000000E+01   0.1839808883031E+03   0.0000000000000E+00   0.2304184761012E+01   0.0000000000000E+00  -0.2041189420126E+00   0.0000000000000E+00   0.2112470566308E+03   0.0000000000000E+00  -0.5611096414117E+01   0.9992610188918E+00   0.0000000000000E+00  -0.3843717111392E-01   0.0000000000000E+00
   0.1090000000000E+01   0.1837973576804E+03   0.0000000000000E+00   0.2240542455657E+01   0.0000000000000E+00  -0.2083798254985E+00   0.0000000000000E+00   0.2130785973671E+03   0.0000000000000E+00  -0.5445292610484E+01   0.9992208453701E+00   0.0000000000000E+00  -0.3946773590887E-01   0.0000000000000E+00
   0.1100000000000E+01   0.1836152764803E+03   0.0000000000000E+00   0.2169784920643E+01   0.0000000000000E+00  -0.2123901630646E+00   0.0000000000000E+00   0.2149080201767E+03   0.0000000000000E+00  -0.5276489346218E+01   0.9991787710661E+00   0.0000000000000E+00  -0.4051892706846E-01   0.0000000000000E+00
   0.1110000000000E+01   0.1834346562637E+03   0.0000000000000E+00   0.2092412075833E+01   0.0000000000000E+00  -0.2161333469962E+00   0.0000000000000E+00   0.2167353337738E+03   0.0000000000000E+00  -0.5104688717593E+01   0.9991347846513E+00   0.0000000000000E+00  -0.4158944697669E-01   0.0000000000000E+00
   0.1120000000000E+01   0.1832555010944E+03   0.0000000000000E+00   0.2008949751872E+01   0.0000000000000E+00  -0.2195945052288E+00   0.0000000000000E+00   0.2185605470783E+03   0.0000000000000E+00  -0.4929892705842E+01   0.9990888825296E+00   0.0000000000000E+00  -0.4267791941616E-01   0.0000000000000E+00
   0.1130000000000E+01   0.1830778077973E+03   0.0000000000000E+00   0.1919946369124E+01   0.0000000000000E+00  -0.2227605441736E+00   0.0000000000000E+00   0.2203836691436E+03   0.0000000000000E+00  -0.4752103188920E+01   0.9990410691302E+00   0.0000000000000E+00  -0.4378289838718E-01   0.0000000000000E+00
   0.1140000000000E+01   0.1829015663403E+03   0.0000000000000E+00   0.1825969578799E+01   0.0000000000000E+00  -0.2256201812403E+00   0.0000000000000E+00   0.2222047090848E+03   0.0000000000000E+00  -0.4571321953929E+01   0.9989913571332E+00   0.0000000000000E+00  -0.4490287711549E-01   0.0000000000000E+00
   0.1150000000000E+01   0.1827267603285E+03   0.0000000000000E+00   0.1727602883360E+01   0.0000000000000E+00  -0.2281639671720E+00   0.0000000000000E+00   0.2240236760090E+03   0.0000000000000E+00  -0.4387550710027E+01   0.9989397676239E+00   0.0000000000000E+00  -0.4603629719670E-01   0.0000000000000E+00
   0.1160000000000E+01   0.1825533675955E+03   0.0000000000000E+00   0.1625442252789E+01   0.0000000000000E+00  -0.2303842983456E+00   0.0000000000000E+00   0.2258405789488E+03   0.0000000000000E+00  -0.4200791101623E+01   0.9988863301703E+00   0.0000000000000E+00  -0.4718155782650E-01   0.0000000000000E+00
   0.1170000000000E+01   0.1823813608753E+03   0.0000000000000E+00   0.1520092752791E+01   0.0000000000000E+00  -0.2322754192297E+00   0.0000000000000E+00   0.2276554268004E+03   0.0000000000000E+00  -0.4011044721721E+01   0.9988310828202E+00   0.0000000000000E+00  -0.4833702506616E-01   0.0000000000000E+00
   0.1180000000000E+01   0.1822107085388E+03   0.0000000000000E+00   0.1412165200545E+01   0.0000000000000E+00  -0.2338334152333E+00   0.0000000000000E+00   0.2294682282662E+03   0.0000000000000E+00  -0.3818313125192E+01   0.9987740720156E+00   0.0000000000000E+00  -0.4950104109446E-01   0.0000000000000E+00
   0.1190000000000E+01   0.1820413753762E+03   0.0000000000000E+00   0.1302272863111E+01   0.0000000000000E+00  -0.2350561962080E+00   0.0000000000000E+00   0.2312789918043E+03   0.0000000000000E+00  -0.3622597841844E+01   0.9987153524232E+00   0.0000000000000E+00  -0.5067193339792E-01   0.0000000000000E+00
   0.1200000000000E+01   0.1818733234090E+03   0.0000000000000E+00   0.1191028213149E+01   0.0000000000000E+00  -0.2359434709045E+00   0.0000000000000E+00   0.2330877255845E+03   0.0000000000000E+00  -0.3423900389109E+01   0.9986549866809E+00   0.0000000000000E+00  -0.5184802385285E-01   0.0000000000000E+00
   0.1210000000000E+01   0.1817065127121E+03   0.0000000000000E+00   0.1079039756128E+01   0.0000000000000E+00  -0.2364967127143E+00   0.0000000000000E+00   0.2348944374512E+03   0.0000000000000E+00  -0.3222222284203E+01   0.9985930450613E+00   0.0000000000000E+00  -0.5302763765445E-01   0.0000000000000E+00
   0.1220000000000E+01   0.1815409022303E+03   0.0000000000000E+00   0.9669089427236E+00   0.0000000000000E+00  -0.2367191170581E+00   0.0000000000000E+00   0.2366991348945E+03   0.0000000000000E+00  -0.3017565055626E+01   0.9985296050547E+00   0.0000000000000E+00  -0.5420911204982E-01   0.0000000000000E+00
   0.1230000000000E+01   0.1813764505729E+03   0.0000000000000E+00   0.8552271795748E+00   0.0000000000000E+00  -0.2366155508122E+00   0.0000000000000E+00   0.2385018250287E+03   0.0000000000000E+00  -0.2809930253881E+01   0.9984647508750E+00   0.0000000000000E+00  -0.5539080483359E-01   0.0000000000000E+00
   0.1240000000000E+01   0.1812131167705E+03   0.0000000000000E+00   0.7445729510468E+00   0.0000000000000E+00  -0.2361924941935E+00   0.0000000000000E+00   0.2403025145790E+03   0.0000000000000E+00  -0.2599319461317E+01   0.9983985728928E+00   0.0000000000000E+00  -0.5657110256737E-01   0.0000000000000E+00
   0.1250000000000E+01   0.1810508609803E+03   0.0000000000000E+00   0.6355090640481E+00   0.0000000000000E+00  -0.2354579755472E+00   0.0000000000000E+00   0.2421012098750E+03   0.0000000000000E+00  -0.2385734301011E+01   0.9983311670019E+00   0.0000000000000E+00  -0.5774842848591E-01   0.0000000000000E+00
   0.1260000000000E+01   0.1808896451289E+03   0.0000000000000E+00   0.5285800273048E+00   0.0000000000000E+00  -0.2344214995121E+00   0.0000000000000E+00   0.2438979168527E+03   0.0000000000000E+00  -0.2169176444628E+01   0.9982626339255E+00   0.0000000000000E+00  -0.5892125005578E-01   0.0000000000000E+00
   0.1270000000000E+01   0.1807294334810E+03   0.0000000000000E+00   0.4243095757961E+00   0.0000000000000E+00  -0.2330939690559E+00   0.0000000000000E+00   0.2456926410625E+03   0.0000000000000E+00  -0.1949647619221E+01   0.9981930784684E+00   0.0000000000000E+00  -0.6008808615435E-01   0.0000000000000E+00
   0.1280000000000E+01   0.1805701931264E+03   0.0000000000000E+00   0.3231983502778E+00   0.0000000000000E+00  -0.2314876018989E+00   0.0000000000000E+00   0.2474853876839E+03   0.0000000000000E+00  -0.1727149612953E+01   0.9981226087252E+00   0.0000000000000E+00  -0.6124751384005E-01   0.0000000000000E+00
   0.1290000000000E+01   0.1804118943788E+03   0.0000000000000E+00   0.2257217409820E+00   0.0000000000000E+00  -0.2296158418633E+00   0.0000000000000E+00   0.2492761615461E+03   0.0000000000000E+00  -0.1501684279743E+01   0.9980513352507E+00   0.0000000000000E+00  -0.6239817468699E-01   0.0000000000000E+00
   0.1300000000000E+01   0.1802545110817E+03   0.0000000000000E+00   0.1323279036694E+00   0.0000000000000E+00  -0.2274932657009E+00   0.0000000000000E+00   0.2510649671531E+03   0.0000000000000E+00  -0.1273253542853E+01   0.9979793702037E+00   0.0000000000000E+00  -0.6353878066040E-01   0.0000000000000E+00
   0.1310000000000E+01   0.1800980208205E+03   0.0000000000000E+00   0.4343595523133E-01   0.0000000000000E+00  -0.2251354859675E+00   0.0000000000000E+00   0.2528518087134E+03   0.0000000000000E+00  -0.1041859397459E+01   0.9979068264717E+00   0.0000000000000E+00  -0.6466811951179E-01   0.0000000000000E+00
   0.1320000000000E+01   0.1799424050392E+03   0.0000000000000E+00  -0.4056564500073E-01   0.0000000000000E+00  -0.2225590505241E+00   0.0000000000000E+00   0.2546366901727E+03   0.0000000000000E+00  -0.8075039122640E+00   0.9978338167869E+00   0.0000000000000E+00  -0.6578505967601E-01   0.0000000000000E+00
   0.1330000000000E+01   0.1797876490648E+03   0.0000000000000E+00  -0.1193205231721E+00   0.0000000000000E+00  -0.2197813392526E+00   0.0000000000000E+00   0.2564196152490E+03   0.0000000000000E+00  -0.5701892302191E+00   0.9977604528423E+00   0.0000000000000E+00  -0.6688855465514E-01   0.0000000000000E+00
   0.1340000000000E+01   0.1796337420429E+03   0.0000000000000E+00  -0.1925056241206E+00   0.0000000000000E+00  -0.2168204585774E+00   0.0000000000000E+00   0.2582005874695E+03   0.0000000000000E+00  -0.3299175684432E+00   0.9976868444181E+00   0.0000000000000E+00  -0.6797764687723E-01   0.0000000000000E+00
   0.1350000000000E+01   0.1794806767889E+03   0.0000000000000E+00  -0.2598322471306E+00   0.0000000000000E+00  -0.2136951343887E+00   0.0000000000000E+00   0.2599796102077E+03   0.0000000000000E+00  -0.8669121742964E-01   0.9976130985256E+00   0.0000000000000E+00  -0.6905147102101E-01   0.0000000000000E+00
   0.1360000000000E+01   0.1793284498546E+03   0.0000000000000E+00  -0.3210468858241E+00   0.0000000000000E+00  -0.2104246088343E+00   0.0000000000000E+00   0.2617566867214E+03   0.0000000000000E+00   0.1594874604482E+00   0.9975393185785E+00   0.0000000000000E+00  -0.7010925680629E-01   0.0000000000000E+00
