         t[s]                   u[ft/s]               v[ft/s]                 w[ft/s]                p[rad/s]             q[rad/s]            r[rad/s]                x[ft]                  y[ft]                  z[ft]                    e0                   ex                      ey                   ez
   0.0000000000000E+00   0.5303300000000E+02   0.0000000000000E+00  -0.5303300000000E+02   0.0000000000000E+00   0.0000000000000E+00   0.0000000000000E+00   0.0000000000000E+00   0.0000000000000E+00  -0.1000000000000E+01   0.1000000000000E+01   0.0000000000000E+00   0.0000000000000E+00   0.0000000000000E+00
   0.1000000000000E-01   0.5277735625418E+02   0.0000000000000E+00  -0.5245639089484E+02   0.0000000000000E+00   0.0000000000000E+00   0.0000000000000E+00   0.5290490925226E+00   0.0000000000000E+00  -0.1527442978285E+01   0.1000000000000E+01   0.0000000000000E+00   0.0000000000000E+00   0.0000000000000E+00
   0.2000000000000E-01   0.5252491105285E+02   0.0000000000000E+00  -0.5188450960306E+02   0.0000000000000E+00   0.0000000000000E+00   0.0000000000000E+00   0.1055557786694E+01   0.0000000000000E+00  -0.2049143576976E+01   0.1000000000000E+01   0.0000000000000E+00   0.0000000000000E+00   0.0000000000000E+00
   0.3000000000000E-01   0.5227560935484E+02   0.0000000000000E+00  -0.5131727022786E+02   0.0000000000000E+00   0.0000000000000E+00   0.0000000000000E+00   0.1579557791726E+01   0.0000000000000E+00  -0.2565148643111E+01   0.1000000000000E+01   0.0000000000000E+00   0.0000000000000E+00   0.0000000000000E+00
   0.4000000000000E-01   0.5202939733537E+02   0.0000000000000E+00  -0.5075458877644E+02   0.0000000000000E+00   0.0000000000000E+00   0.0000000000000E+00   0.2101080272527E+01   0.0000000000000E+00  -0.3075504174330E+01   0.1000000000000E+01   0.0000000000000E+00   0.0000000000000E+00   0.0000000000000E+00
   0.5000000000000E-01   0.5178622235128E+02   0.0000000000000E+00  -0.5019638310690E+02   0.0000000000000E+00   0.0000000000000E+00   0.0000000000000E+00   0.2620155861698E+01   0.0000000000000E+00  -0.3580255337639E+01   0.1000000000000E+01   0.0000000000000E+00   0.0000000000000E+00   0.0000000000000E+00
   0.6000000000000E-01   0.5154603290751E+02   0.0000000000000E+00  -0.4964257287687E+02   0.0000000000000E+00   0.0000000000000E+00   0.0000000000000E+00   0.3136814671172E+01   0.0000000000000E+00  -0.4079446487667E+01   0.1000000000000E+01   0.0000000000000E+00   0.0000000000000E+00   0.0000000000000E+00
   0.7000000000000E-01   0.5130877862467E+02   0.0000000000000E+00  -0.4909307949391E+02   0.0000000000000E+00   0.0000000000000E+00   0.0000000000000E+00   0.3651086303541E+01   0.0000000000000E+00  -0.4573121184409E+01   0.1000000000000E+01   0.0000000000000E+00   0.0000000000000E+00   0.0000000000000E+00
   0.8000000000000E-01   0.5107441020763E+02   0.0000000000000E+00  -0.4854782606752E+02   0.0000000000000E+00   0.0000000000000E+00   0.0000000000000E+00   0.4162999863047E+01   0.0000000000000E+00  -0.5061322210484E+01   0.1000000000000E+01   0.0000000000000E+00   0.0000000000000E+00   0.0000000000000E+00
   0.9000000000000E-01   0.5084287941515E+02   0.0000000000000E+00  -0.4800673736279E+02   0.0000000000000E+00   0.0000000000000E+00   0.0000000000000E+00   0.4672583966276E+01   0.0000000000000E+00  -0.5544091587921E+01   0.1000000000000E+01   0.0000000000000E+00   0.0000000000000E+00   0.0000000000000E+00
   0.1000000000000E+00   0.5061413903051E+02   0.0000000000000E+00  -0.4746973975557E+02   0.0000000000000E+00   0.0000000000000E+00   0.0000000000000E+00   0.5179866752549E+01   0.0000000000000E+00  -0.6021470594494E+01   0.1000000000000E+01   0.0000000000000E+00   0.0000000000000E+00   0.0000000000000E+00
   0.1100000000000E+00   0.5038814283310E+02   0.0000000000000E+00  -0.4693676118909E+02   0.0000000000000E+00   0.0000000000000E+00   0.0000000000000E+00   0.5684875894021E+01   0.0000000000000E+00  -0.6493499779605E+01   0.1000000000000E+01   0.0000000000000E+00   0.0000000000000E+00   0.0000000000000E+00
   0.1200000000000E+00   0.5016484557086E+02   0.0000000000000E+00  -0.4640773113205E+02   0.0000000000000E+00   0.0000000000000E+00   0.0000000000000E+00   0.6187638605509E+01   0.0000000000000E+00  -0.6960218979751E+01   0.1000000000000E+01   0.0000000000000E+00   0.0000000000000E+00   0.0000000000000E+00
   0.1300000000000E+00   0.4994420293362E+02   0.0000000000000E+00  -0.4588258053802E+02   0.0000000000000E+00   0.0000000000000E+00   0.0000000000000E+00   0.6688181654040E+01   0.0000000000000E+00  -0.7421667333573E+01   0.1000000000000E+01   0.0000000000000E+00   0.0000000000000E+00   0.0000000000000E+00
   0.1400000000000E+00   0.4972617152736E+02   0.0000000000000E+00  -0.4536124180622E+02   0.0000000000000E+00   0.0000000000000E+00   0.0000000000000E+00   0.7186531368141E+01   0.0000000000000E+00  -0.7877883296508E+01   0.1000000000000E+01   0.0000000000000E+00   0.0000000000000E+00   0.0000000000000E+00
   0.1500000000000E+00   0.4951070884913E+02   0.0000000000000E+00  -0.4484364874349E+02   0.0000000000000E+00   0.0000000000000E+00   0.0000000000000E+00   0.7682713646874E+01   0.0000000000000E+00  -0.8328904655055E+01   0.1000000000000E+01   0.0000000000000E+00   0.0000000000000E+00   0.0000000000000E+00
   0.1600000000000E+00   0.4929777326288E+02   0.0000000000000E+00  -0.4432973652759E+02   0.0000000000000E+00   0.0000000000000E+00   0.0000000000000E+00   0.8176753968628E+01   0.0000000000000E+00  -0.8774768540667E+01   0.1000000000000E+01   0.0000000000000E+00   0.0000000000000E+00   0.0000000000000E+00
   0.1700000000000E+00   0.4908732397600E+02   0.0000000000000E+00  -0.4381944167156E+02   0.0000000000000E+00   0.0000000000000E+00   0.0000000000000E+00   0.8668677399664E+01   0.0000000000000E+00  -0.9215511443279E+01   0.1000000000000E+01   0.0000000000000E+00   0.0000000000000E+00   0.0000000000000E+00
   0.1800000000000E+00   0.4887932101655E+02   0.0000000000000E+00  -0.4331270198933E+02   0.0000000000000E+00   0.0000000000000E+00   0.0000000000000E+00   0.9158508602444E+01   0.0000000000000E+00  -0.9651169224489E+01   0.1000000000000E+01   0.0000000000000E+00   0.0000000000000E+00   0.0000000000000E+00
   0.1900000000000E+00   0.4867372521126E+02   0.0000000000000E+00  -0.4280945656230E+02   0.0000000000000E+00   0.0000000000000E+00   0.0000000000000E+00   0.9646271843718E+01   0.0000000000000E+00  -0.1008177713040E+02   0.1000000000000E+01   0.0000000000000E+00   0.0000000000000E+00   0.0000000000000E+00
   0.2000000000000E+00   0.4847049816413E+02   0.0000000000000E+00  -0.4230964570711E+02   0.0000000000000E+00   0.0000000000000E+00   0.0000000000000E+00   0.1013199100241E+02   0.0000000000000E+00  -0.1050736980413E+02   0.1000000000000E+01   0.0000000000000E+00   0.0000000000000E+00   0.0000000000000E+00
   0.2100000000000E+00   0.4826960223571E+02   0.0000000000000E+00  -0.4181321094432E+02   0.0000000000000E+00   0.0000000000000E+00   0.0000000000000E+00   0.1061568957728E+02   0.0000000000000E+00  -0.1092798129801E+02   0.1000000000000E+01   0.0000000000000E+00   0.0000000000000E+00   0.0000000000000E+00
   0.2200000000000E+00   0.4807100052305E+02   0.0000000000000E+00  -0.4132009496816E+02   0.0000000000000E+00   0.0000000000000E+00   0.0000000000000E+00   0.1109739069439E+02   0.0000000000000E+00  -0.1134364508547E+02   0.1000000000000E+01   0.0000000000000E+00   0.0000000000000E+00   0.0000000000000E+00
   0.2300000000000E+00   0.4787465684014E+02   0.0000000000000E+00  -0.4083024161712E+02   0.0000000000000E+00   0.0000000000000E+00   0.0000000000000E+00   0.1157711711439E+02   0.0000000000000E+00  -0.1175439407262E+02   0.1000000000000E+01   0.0000000000000E+00   0.0000000000000E+00   0.0000000000000E+00
   0.2400000000000E+00   0.4768053569906E+02   0.0000000000000E+00  -0.4034359584558E+02   0.0000000000000E+00   0.0000000000000E+00   0.0000000000000E+00   0.1205489123956E+02   0.0000000000000E+00  -0.1216026060958E+02   0.1000000000000E+01   0.0000000000000E+00   0.0000000000000E+00   0.0000000000000E+00
   0.2500000000000E+00   0.4748860229161E+02   0.0000000000000E+00  -0.3986010369623E+02   0.0000000000000E+00   0.0000000000000E+00   0.0000000000000E+00   0.1253073512071E+02   0.0000000000000E+00  -0.1256127650145E+02   0.1000000000000E+01   0.0000000000000E+00   0.0000000000000E+00   0.0000000000000E+00
   0.2600000000000E+00   0.4729882247150E+02   0.0000000000000E+00  -0.3937971227339E+02   0.0000000000000E+00   0.0000000000000E+00   0.0000000000000E+00   0.1300467046391E+02   0.0000000000000E+00  -0.1295747301911E+02   0.1000000000000E+01   0.0000000000000E+00   0.0000000000000E+00   0.0000000000000E+00
   0.2700000000000E+00   0.4711116273708E+02   0.0000000000000E+00  -0.3890236971715E+02   0.0000000000000E+00   0.0000000000000E+00   0.0000000000000E+00   0.1347671863700E+02   0.0000000000000E+00  -0.1334888090966E+02   0.1000000000000E+01   0.0000000000000E+00   0.0000000000000E+00   0.0000000000000E+00
   0.2800000000000E+00   0.4692559021453E+02   0.0000000000000E+00  -0.3842802517828E+02   0.0000000000000E+00   0.0000000000000E+00   0.0000000000000E+00   0.1394690067593E+02   0.0000000000000E+00  -0.1373553040670E+02   0.1000000000000E+01   0.0000000000000E+00   0.0000000000000E+00   0.0000000000000E+00
   0.2900000000000E+00   0.4674207264160E+02   0.0000000000000E+00  -0.3795662879391E+02   0.0000000000000E+00   0.0000000000000E+00   0.0000000000000E+00   0.1441523729102E+02   0.0000000000000E+00  -0.1411745124027E+02   0.1000000000000E+01   0.0000000000000E+00   0.0000000000000E+00   0.0000000000000E+00
   0.3000000000000E+00   0.4656057835178E+02   0.0000000000000E+00  -0.3748813166404E+02   0.0000000000000E+00   0.0000000000000E+00   0.0000000000000E+00   0.1488174887295E+02   0.0000000000000E+00  -0.1449467264662E+02   0.1000000000000E+01   0.0000000000000E+00   0.0000000000000E+00   0.0000000000000E+00
   0.3100000000000E+00   0.4638107625892E+02   0.0000000000000E+00  -0.3702248582862E+02   0.0000000000000E+00   0.0000000000000E+00   0.0000000000000E+00   0.1534645549863E+02   0.0000000000000E+00  -0.1486722337773E+02   0.1000000000000E+01   0.0000000000000E+00   0.0000000000000E+00   0.0000000000000E+00
   0.3200000000000E+00   0.4620353584232E+02   0.0000000000000E+00  -0.3655964424545E+02   0.0000000000000E+00   0.0000000000000E+00   0.0000000000000E+00   0.1580937693696E+02   0.0000000000000E+00  -0.1523513171057E+02   0.1000000000000E+01   0.0000000000000E+00   0.0000000000000E+00   0.0000000000000E+00
   0.3300000000000E+00   0.4602792713221E+02   0.0000000000000E+00  -0.3609956076869E+02   0.0000000000000E+00   0.0000000000000E+00   0.0000000000000E+00   0.1627053265441E+02   0.0000000000000E+00  -0.1559842545620E+02   0.1000000000000E+01   0.0000000000000E+00   0.0000000000000E+00   0.0000000000000E+00
   0.3400000000000E+00   0.4585422069565E+02   0.0000000000000E+00  -0.3564219012806E+02   0.0000000000000E+00   0.0000000000000E+00   0.0000000000000E+00   0.1672994182043E+02   0.0000000000000E+00  -0.1595713196860E+02   0.1000000000000E+01   0.0000000000000E+00   0.0000000000000E+00   0.0000000000000E+00
   0.3500000000000E+00   0.4568238762286E+02   0.0000000000000E+00  -0.3518748790863E+02   0.0000000000000E+00   0.0000000000000E+00   0.0000000000000E+00   0.1718762331279E+02   0.0000000000000E+00  -0.1631127815337E+02   0.1000000000000E+01   0.0000000000000E+00   0.0000000000000E+00   0.0000000000000E+00
   0.3600000000000E+00   0.4551239951387E+02   0.0000000000000E+00  -0.3473541053121E+02   0.0000000000000E+00   0.0000000000000E+00   0.0000000000000E+00   0.1764359572269E+02   0.0000000000000E+00  -0.1666089047613E+02   0.1000000000000E+01   0.0000000000000E+00   0.0000000000000E+00   0.0000000000000E+00
   0.3700000000000E+00   0.4534422846559E+02   0.0000000000000E+00  -0.3428591523342E+02   0.0000000000000E+00   0.0000000000000E+00   0.0000000000000E+00   0.1809787735986E+02   0.0000000000000E+00  -0.1700599497081E+02   0.1000000000000E+01   0.0000000000000E+00   0.0000000000000E+00   0.0000000000000E+00
   0.3800000000000E+00   0.4517784705925E+02   0.0000000000000E+00  -0.3383896005120E+02   0.0000000000000E+00   0.0000000000000E+00   0.0000000000000E+00   0.1855048625740E+02   0.0000000000000E+00  -0.1734661724774E+02   0.1000000000000E+01   0.0000000000000E+00   0.0000000000000E+00   0.0000000000000E+00
   0.3900000000000E+00   0.4501322834811E+02   0.0000000000000E+00  -0.3339450380098E+02   0.0000000000000E+00   0.0000000000000E+00   0.0000000000000E+00   0.1900144017662E+02   0.0000000000000E+00  -0.1768278250150E+02   0.1000000000000E+01   0.0000000000000E+00   0.0000000000000E+00   0.0000000000000E+00
   0.4000000000000E+00   0.4485034584560E+02   0.0000000000000E+00  -0.3295250606234E+02   0.0000000000000E+00   0.0000000000000E+00   0.0000000000000E+00   0.1945075661166E+02   0.0000000000000E+00  -0.1801451551869E+02   0.1000000000000E+01   0.0000000000000E+00   0.0000000000000E+00   0.0000000000000E+00
   0.4100000000000E+00   0.4468917351371E+02   0.0000000000000E+00  -0.3251292716115E+02   0.0000000000000E+00   0.0000000000000E+00   0.0000000000000E+00   0.1989845279404E+02   0.0000000000000E+00  -0.1834184068544E+02   0.1000000000000E+01   0.0000000000000E+00   0.0000000000000E+00   0.0000000000000E+00
   0.4200000000000E+00   0.4452968575175E+02   0.0000000000000E+00  -0.3207572815333E+02   0.0000000000000E+00   0.0000000000000E+00   0.0000000000000E+00   0.2034454569710E+02   0.0000000000000E+00  -0.1866478199479E+02   0.1000000000000E+01   0.0000000000000E+00   0.0000000000000E+00   0.0000000000000E+00
   0.4300000000000E+00   0.4437185738540E+02   0.0000000000000E+00  -0.3164087080895E+02   0.0000000000000E+00   0.0000000000000E+00   0.0000000000000E+00   0.2078905204032E+02   0.0000000000000E+00  -0.1898336305395E+02   0.1000000000000E+01   0.0000000000000E+00   0.0000000000000E+00   0.0000000000000E+00
   0.4400000000000E+00   0.4421566365601E+02   0.0000000000000E+00  -0.3120831759693E+02   0.0000000000000E+00   0.0000000000000E+00   0.0000000000000E+00   0.2123198829353E+02   0.0000000000000E+00  -0.1929760709131E+02   0.1000000000000E+01   0.0000000000000E+00   0.0000000000000E+00   0.0000000000000E+00
   0.4500000000000E+00   0.4406108021024E+02   0.0000000000000E+00  -0.3077803167010E+02   0.0000000000000E+00   0.0000000000000E+00   0.0000000000000E+00   0.2167337068099E+02   0.0000000000000E+00  -0.1960753696341E+02   0.1000000000000E+01   0.0000000000000E+00   0.0000000000000E+00   0.0000000000000E+00
   0.4600000000000E+00   0.4390808308999E+02   0.0000000000000E+00  -0.3034997685077E+02   0.0000000000000E+00   0.0000000000000E+00   0.0000000000000E+00   0.2211321518543E+02   0.0000000000000E+00  -0.1991317516164E+02   0.1000000000000E+01   0.0000000000000E+00   0.0000000000000E+00   0.0000000000000E+00
   0.4700000000000E+00   0.4375664872252E+02   0.0000000000000E+00  -0.2992411761670E+02   0.0000000000000E+00   0.0000000000000E+00   0.0000000000000E+00   0.2255153755191E+02   0.0000000000000E+00  -0.2021454381895E+02   0.1000000000000E+01   0.0000000000000E+00   0.0000000000000E+00   0.0000000000000E+00
   0.4800000000000E+00   0.4360675391094E+02   0.0000000000000E+00  -0.2950041908749E+02   0.0000000000000E+00   0.0000000000000E+00   0.0000000000000E+00   0.2298835329168E+02   0.0000000000000E+00  -0.2051166471624E+02   0.1000000000000E+01   0.0000000000000E+00   0.0000000000000E+00   0.0000000000000E+00
   0.4900000000000E+00   0.4345837582483E+02   0.0000000000000E+00  -0.2907884701139E+02   0.0000000000000E+00   0.0000000000000E+00   0.0000000000000E+00   0.2342367768583E+02   0.0000000000000E+00  -0.2080455928879E+02   0.1000000000000E+01   0.0000000000000E+00   0.0000000000000E+00   0.0000000000000E+00
   0.5000000000000E+00   0.4331149199121E+02   0.0000000000000E+00  -0.2865936775249E+02   0.0000000000000E+00   0.0000000000000E+00   0.0000000000000E+00   0.2385752578896E+02   0.0000000000000E+00  -0.2109324863244E+02   0.1000000000000E+01   0.0000000000000E+00   0.0000000000000E+00   0.0000000000000E+00
   0.5100000000000E+00   0.4316608028572E+02   0.0000000000000E+00  -0.2824194827830E+02   0.0000000000000E+00   0.0000000000000E+00   0.0000000000000E+00   0.2428991243269E+02   0.0000000000000E+00  -0.2137775350970E+02   0.1000000000000E+01   0.0000000000000E+00   0.0000000000000E+00   0.0000000000000E+00
   0.5200000000000E+00   0.4302211892398E+02   0.0000000000000E+00  -0.2782655614766E+02   0.0000000000000E+00   0.0000000000000E+00   0.0000000000000E+00   0.2472085222910E+02   0.0000000000000E+00  -0.2165809435573E+02   0.1000000000000E+01   0.0000000000000E+00   0.0000000000000E+00   0.0000000000000E+00
   0.5300000000000E+00   0.4287958645326E+02   0.0000000000000E+00  -0.2741315949912E+02   0.0000000000000E+00   0.0000000000000E+00   0.0000000000000E+00   0.2515035957409E+02   0.0000000000000E+00  -0.2193429128418E+02   0.1000000000000E+01   0.0000000000000E+00   0.0000000000000E+00   0.0000000000000E+00
   0.5400000000000E+00   0.4273846174429E+02   0.0000000000000E+00  -0.2700172703952E+02   0.0000000000000E+00   0.0000000000000E+00   0.0000000000000E+00   0.2557844865066E+02   0.0000000000000E+00  -0.2220636409293E+02   0.1000000000000E+01   0.0000000000000E+00   0.0000000000000E+00   0.0000000000000E+00
   0.5500000000000E+00   0.4259872398334E+02   0.0000000000000E+00  -0.2659222803303E+02   0.0000000000000E+00   0.0000000000000E+00   0.0000000000000E+00   0.2600513343209E+02   0.0000000000000E+00  -0.2247433226974E+02   0.1000000000000E+01   0.0000000000000E+00   0.0000000000000E+00   0.0000000000000E+00
   0.5600000000000E+00   0.4246035266446E+02   0.0000000000000E+00  -0.2618463229046E+02   0.0000000000000E+00   0.0000000000000E+00   0.0000000000000E+00   0.2643042768509E+02   0.0000000000000E+00  -0.2273821499773E+02   0.1000000000000E+01   0.0000000000000E+00   0.0000000000000E+00   0.0000000000000E+00
   0.5700000000000E+00   0.4232332758201E+02   0.0000000000000E+00  -0.2577891015892E+02   0.0000000000000E+00   0.0000000000000E+00   0.0000000000000E+00   0.2685434497279E+02   0.0000000000000E+00  -0.2299803116084E+02   0.1000000000000E+01   0.0000000000000E+00   0.0000000000000E+00   0.0000000000000E+00
   0.5800000000000E+00   0.4218762882322E+02   0.0000000000000E+00  -0.2537503251177E+02   0.0000000000000E+00   0.0000000000000E+00   0.0000000000000E+00   0.2727689865776E+02   0.0000000000000E+00  -0.2325379934912E+02   0.1000000000000E+01   0.0000000000000E+00   0.0000000000000E+00   0.0000000000000E+00
   0.5900000000000E+00   0.4205323676113E+02   0.0000000000000E+00  -0.2497297073887E+02   0.0000000000000E+00   0.0000000000000E+00   0.0000000000000E+00   0.2769810190487E+02   0.0000000000000E+00  -0.2350553786392E+02   0.1000000000000E+01   0.0000000000000E+00   0.0000000000000E+00   0.0000000000000E+00
   0.6000000000000E+00   0.4192013204761E+02   0.0000000000000E+00  -0.2457269673715E+02   0.0000000000000E+00   0.0000000000000E+00   0.0000000000000E+00   0.2811796768411E+02   0.0000000000000E+00  -0.2375326472306E+02   0.1000000000000E+01   0.0000000000000E+00   0.0000000000000E+00   0.0000000000000E+00
   0.6100000000000E+00   0.4178829560656E+02   0.0000000000000E+00  -0.2417418290145E+02   0.0000000000000E+00   0.0000000000000E+00   0.0000000000000E+00   0.2853650877336E+02   0.0000000000000E+00  -0.2399699766582E+02   0.1000000000000E+01   0.0000000000000E+00   0.0000000000000E+00   0.0000000000000E+00
   0.6200000000000E+00   0.4165770862729E+02   0.0000000000000E+00  -0.2377740211564E+02   0.0000000000000E+00   0.0000000000000E+00   0.0000000000000E+00   0.2895373776107E+02   0.0000000000000E+00  -0.2423675415786E+02   0.1000000000000E+01   0.0000000000000E+00   0.0000000000000E+00   0.0000000000000E+00
   0.6300000000000E+00   0.4152835255816E+02   0.0000000000000E+00  -0.2338232774403E+02   0.0000000000000E+00   0.0000000000000E+00   0.0000000000000E+00   0.2936966704890E+02   0.0000000000000E+00  -0.2447255139611E+02   0.1000000000000E+01   0.0000000000000E+00   0.0000000000000E+00   0.0000000000000E+00
   0.6400000000000E+00   0.4140020910026E+02   0.0000000000000E+00  -0.2298893362296E+02   0.0000000000000E+00   0.0000000000000E+00   0.0000000000000E+00   0.2978430885423E+02   0.0000000000000E+00  -0.2470440631351E+02   0.1000000000000E+01   0.0000000000000E+00   0.0000000000000E+00   0.0000000000000E+00
   0.6500000000000E+00   0.4127326020132E+02   0.0000000000000E+00  -0.2259719405281E+02   0.0000000000000E+00   0.0000000000000E+00   0.0000000000000E+00   0.3019767521273E+02   0.0000000000000E+00  -0.2493233558368E+02   0.1000000000000E+01   0.0000000000000E+00   0.0000000000000E+00   0.0000000000000E+00
   0.6600000000000E+00   0.4114748804978E+02   0.0000000000000E+00  -0.2220708379005E+02   0.0000000000000E+00   0.0000000000000E+00   0.0000000000000E+00   0.3060977798072E+02   0.0000000000000E+00  -0.2515635562553E+02   0.1000000000000E+01   0.0000000000000E+00   0.0000000000000E+00   0.0000000000000E+00
   0.6700000000000E+00   0.4102287506903E+02   0.0000000000000E+00  -0.2181857803974E+02   0.0000000000000E+00   0.0000000000000E+00   0.0000000000000E+00   0.3102062883759E+02   0.0000000000000E+00  -0.2537648260779E+02   0.1000000000000E+01   0.0000000000000E+00   0.0000000000000E+00   0.0000000000000E+00
   0.6800000000000E+00   0.4089940391174E+02   0.0000000000000E+00  -0.2143165244809E+02   0.0000000000000E+00   0.0000000000000E+00   0.0000000000000E+00   0.3143023928814E+02   0.0000000000000E+00  -0.2559273245346E+02   0.1000000000000E+01   0.0000000000000E+00   0.0000000000000E+00   0.0000000000000E+00
   0.6900000000000E+00   0.4077705745442E+02   0.0000000000000E+00  -0.2104628309538E+02   0.0000000000000E+00   0.0000000000000E+00   0.0000000000000E+00   0.3183862066479E+02   0.0000000000000E+00  -0.2580512084416E+02   0.1000000000000E+01   0.0000000000000E+00   0.0000000000000E+00   0.0000000000000E+00
   0.7000000000000E+00   0.4065581879208E+02   0.0000000000000E+00  -0.2066244648901E+02   0.0000000000000E+00   0.0000000000000E+00   0.0000000000000E+00   0.3224578412985E+02   0.0000000000000E+00  -0.2601366322446E+02   0.1000000000000E+01   0.0000000000000E+00   0.0000000000000E+00   0.0000000000000E+00
   0.7100000000000E+00   0.4053567123304E+02   0.0000000000000E+00  -0.2028011955682E+02   0.0000000000000E+00   0.0000000000000E+00   0.0000000000000E+00   0.3265174067762E+02   0.0000000000000E+00  -0.2621837480613E+02   0.1000000000000E+01   0.0000000000000E+00   0.0000000000000E+00   0.0000000000000E+00
   0.7200000000000E+00   0.4041659829387E+02   0.0000000000000E+00  -0.1989927964062E+02   0.0000000000000E+00   0.0000000000000E+00   0.0000000000000E+00   0.3305650113654E+02   0.0000000000000E+00  -0.2641927057226E+02   0.1000000000000E+01   0.0000000000000E+00   0.0000000000000E+00   0.0000000000000E+00
   0.7300000000000E+00   0.4029858369451E+02   0.0000000000000E+00  -0.1951990448988E+02   0.0000000000000E+00   0.0000000000000E+00   0.0000000000000E+00   0.3346007617126E+02   0.0000000000000E+00  -0.2661636528144E+02   0.1000000000000E+01   0.0000000000000E+00   0.0000000000000E+00   0.0000000000000E+00
   0.7400000000000E+00   0.4018161135351E+02   0.0000000000000E+00  -0.1914197225565E+02   0.0000000000000E+00   0.0000000000000E+00   0.0000000000000E+00   0.3386247628460E+02   0.0000000000000E+00  -0.2680967347173E+02   0.1000000000000E+01   0.0000000000000E+00   0.0000000000000E+00   0.0000000000000E+00
   0.7500000000000E+00   0.4006566538333E+02   0.0000000000000E+00  -0.1876546148470E+02   0.0000000000000E+00   0.0000000000000E+00   0.0000000000000E+00   0.3426371181954E+02   0.0000000000000E+00  -0.2699920946471E+02   0.1000000000000E+01   0.0000000000000E+00   0.0000000000000E+00   0.0000000000000E+00
   0.7600000000000E+00   0.3995073008592E+02   0.0000000000000E+00  -0.1839035111380E+02   0.0000000000000E+00   0.0000000000000E+00   0.0000000000000E+00   0.3466379296115E+02   0.0000000000000E+00  -0.2718498736937E+02   0.1000000000000E+01   0.0000000000000E+00   0.0000000000000E+00   0.0000000000000E+00
   0.7700000000000E+00   0.3983678994826E+02   0.0000000000000E+00  -0.1801662046419E+02   0.0000000000000E+00   0.0000000000000E+00   0.0000000000000E+00   0.3506272973843E+02   0.0000000000000E+00  -0.2736702108600E+02   0.1000000000000E+01   0.0000000000000E+00   0.0000000000000E+00   0.0000000000000E+00
   0.7800000000000E+00   0.3972382963816E+02   0.0000000000000E+00  -0.1764424923625E+02   0.0000000000000E+00   0.0000000000000E+00   0.0000000000000E+00   0.3546053202618E+02   0.0000000000000E+00  -0.2754532431000E+02   0.1000000000000E+01   0.0000000000000E+00   0.0000000000000E+00   0.0000000000000E+00
   0.7900000000000E+00   0.3961183400012E+02   0.0000000000000E+00  -0.1727321750435E+02   0.0000000000000E+00   0.0000000000000E+00   0.0000000000000E+00   0.3585720954674E+02   0.0000000000000E+00  -0.2771991053566E+02   0.1000000000000E+01   0.0000000000000E+00   0.0000000000000E+00   0.0000000000000E+00
   0.8000000000000E+00   0.3950078805130E+02   0.0000000000000E+00  -0.1690350571181E+02   0.0000000000000E+00   0.0000000000000E+00   0.0000000000000E+00   0.3625277187179E+02   0.0000000000000E+00  -0.2789079305984E+02   0.1000000000000E+01   0.0000000000000E+00   0.0000000000000E+00   0.0000000000000E+00
   0.8100000000000E+00   0.3939067697769E+02   0.0000000000000E+00  -0.1653509466607E+02   0.0000000000000E+00   0.0000000000000E+00   0.0000000000000E+00   0.3664722842400E+02   0.0000000000000E+00  -0.2805798498567E+02   0.1000000000000E+01   0.0000000000000E+00   0.0000000000000E+00   0.0000000000000E+00
   0.8200000000000E+00   0.3928148613027E+02   0.0000000000000E+00  -0.1616796553402E+02   0.0000000000000E+00   0.0000000000000E+00   0.0000000000000E+00   0.3704058847874E+02   0.0000000000000E+00  -0.2822149922616E+02   0.1000000000000E+01   0.0000000000000E+00   0.0000000000000E+00   0.0000000000000E+00
   0.8300000000000E+00   0.3917320102143E+02   0.0000000000000E+00  -0.1580209983745E+02   0.0000000000000E+00   0.0000000000000E+00   0.0000000000000E+00   0.3743286116571E+02   0.0000000000000E+00  -0.2838134850775E+02   0.1000000000000E+01   0.0000000000000E+00   0.0000000000000E+00   0.0000000000000E+00
   0.8400000000000E+00   0.3906580732140E+02   0.0000000000000E+00  -0.1543747944868E+02   0.0000000000000E+00   0.0000000000000E+00   0.0000000000000E+00   0.3782405547051E+02   0.0000000000000E+00  -0.2853754537389E+02   0.1000000000000E+01   0.0000000000000E+00   0.0000000000000E+00   0.0000000000000E+00
   0.8500000000000E+00   0.3895929085482E+02   0.0000000000000E+00  -0.1507408658629E+02   0.0000000000000E+00   0.0000000000000E+00   0.0000000000000E+00   0.3821418023623E+02   0.0000000000000E+00  -0.2869010218844E+02   0.1000000000000E+01   0.0000000000000E+00   0.0000000000000E+00   0.0000000000000E+00
   0.8600000000000E+00   0.3885363759747E+02   0.0000000000000E+00  -0.1471190381104E+02   0.0000000000000E+00   0.0000000000000E+00   0.0000000000000E+00   0.3860324416495E+02   0.0000000000000E+00  -0.2883903113919E+02   0.1000000000000E+01   0.0000000000000E+00   0.0000000000000E+00   0.0000000000000E+00
   0.8700000000000E+00   0.3874883367303E+02   0.0000000000000E+00  -0.1435091402190E+02   0.0000000000000E+00   0.0000000000000E+00   0.0000000000000E+00   0.3899125581926E+02   0.0000000000000E+00  -0.2898434424123E+02   0.1000000000000E+01   0.0000000000000E+00   0.0000000000000E+00   0.0000000000000E+00
   0.8800000000000E+00   0.3864486535002E+02   0.0000000000000E+00  -0.1399110045216E+02   0.0000000000000E+00   0.0000000000000E+00   0.0000000000000E+00   0.3937822362373E+02   0.0000000000000E+00  -0.2912605334031E+02   0.1000000000000E+01   0.0000000000000E+00   0.0000000000000E+00   0.0000000000000E+00
   0.8900000000000E+00   0.3854171903883E+02   0.0000000000000E+00  -0.1363244666577E+02   0.0000000000000E+00   0.0000000000000E+00   0.0000000000000E+00   0.3976415586628E+02   0.0000000000000E+00  -0.2926417011617E+02   0.1000000000000E+01   0.0000000000000E+00   0.0000000000000E+00   0.0000000000000E+00
   0.9000000000000E+00   0.3843938128879E+02   0.0000000000000E+00  -0.1327493655368E+02   0.0000000000000E+00   0.0000000000000E+00   0.0000000000000E+00   0.4014906069969E+02   0.0000000000000E+00  -0.2939870608583E+02   0.1000000000000E+01   0.0000000000000E+00   0.0000000000000E+00   0.0000000000000E+00
   0.9100000000000E+00   0.3833783878547E+02   0.0000000000000E+00  -0.1291855433040E+02   0.0000000000000E+00   0.0000000000000E+00   0.0000000000000E+00   0.4053294614286E+02   0.0000000000000E+00  -0.2952967260683E+02   0.1000000000000E+01   0.0000000000000E+00   0.0000000000000E+00   0.0000000000000E+00
   0.9200000000000E+00   0.3823707834800E+02   0.0000000000000E+00  -0.1256328453061E+02   0.0000000000000E+00   0.0000000000000E+00   0.0000000000000E+00   0.4091582008227E+02   0.0000000000000E+00  -0.2965708088047E+02   0.1000000000000E+01   0.0000000000000E+00   0.0000000000000E+00   0.0000000000000E+00
   0.9300000000000E+00   0.3813708692646E+02   0.0000000000000E+00  -0.1220911200584E+02   0.0000000000000E+00   0.0000000000000E+00   0.0000000000000E+00   0.4129769027319E+02   0.0000000000000E+00  -0.2978094195499E+02   0.1000000000000E+01   0.0000000000000E+00   0.0000000000000E+00   0.0000000000000E+00
   0.9400000000000E+00   0.3803785159949E+02   0.0000000000000E+00  -0.1185602192139E+02   0.0000000000000E+00   0.0000000000000E+00   0.0000000000000E+00   0.4167856434109E+02   0.0000000000000E+00  -0.2990126672868E+02   0.1000000000000E+01   0.0000000000000E+00   0.0000000000000E+00   0.0000000000000E+00
   0.9500000000000E+00   0.3793935957190E+02   0.0000000000000E+00  -0.1150399975317E+02   0.0000000000000E+00   0.0000000000000E+00   0.0000000000000E+00   0.4205844978283E+02   0.0000000000000E+00  -0.3001806595309E+02   0.1000000000000E+01   0.0000000000000E+00   0.0000000000000E+00   0.0000000000000E+00
   0.9600000000000E+00   0.3784159817241E+02   0.0000000000000E+00  -0.1115303128477E+02   0.0000000000000E+00   0.0000000000000E+00   0.0000000000000E+00   0.4243735396794E+02   0.0000000000000E+00  -0.3013135023604E+02   0.1000000000000E+01   0.0000000000000E+00   0.0000000000000E+00   0.0000000000000E+00
   0.9700000000000E+00   0.3774455485149E+02   0.0000000000000E+00  -0.1080310260455E+02   0.0000000000000E+00   0.0000000000000E+00   0.0000000000000E+00   0.4281528413986E+02   0.0000000000000E+00  -0.3024113004471E+02   0.1000000000000E+01   0.0000000000000E+00   0.0000000000000E+00   0.0000000000000E+00
   0.9800000000000E+00   0.3764821717934E+02   0.0000000000000E+00  -0.1045420010283E+02   0.0000000000000E+00   0.0000000000000E+00   0.0000000000000E+00   0.4319224741712E+02   0.0000000000000E+00  -0.3034741570868E+02   0.1000000000000E+01   0.0000000000000E+00   0.0000000000000E+00   0.0000000000000E+00
   0.9900000000000E+00   0.3755257284385E+02   0.0000000000000E+00  -0.1010631046916E+02   0.0000000000000E+00   0.0000000000000E+00   0.0000000000000E+00   0.4356825079455E+02   0.0000000000000E+00  -0.3045021742295E+02   0.1000000000000E+01   0.0000000000000E+00   0.0000000000000E+00   0.0000000000000E+00
   0.1000000000000E+01   0.3745760964880E+02   0.0000000000000E+00  -0.9759420689675E+01   0.0000000000000E+00   0.0000000000000E+00   0.0000000000000E+00   0.4394330114445E+02   0.0000000000000E+00  -0.3054954525087E+02   0.1000000000000E+01   0.0000000000000E+00   0.0000000000000E+00   0.0000000000000E+00
   0.1010000000000E+01   0.3736331551205E+02   0.0000000000000E+00  -0.9413518044492E+01   0.0000000000000E+00   0.0000000000000E+00   0.0000000000000E+00   0.4431740521770E+02   0.0000000000000E+00  -0.3064540912715E+02   0.1000000000000E+01   0.0000000000000E+00   0.0000000000000E+00   0.0000000000000E+00
   0.1020000000000E+01   0.3726967846384E+02   0.0000000000000E+00  -0.9068590105208E+01   0.0000000000000E+00   0.0000000000000E+00   0.0000000000000E+00   0.4469056964497E+02   0.0000000000000E+00  -0.3073781886074E+02   0.1000000000000E+01   0.0000000000000E+00   0.0000000000000E+00   0.0000000000000E+00
   0.1030000000000E+01   0.3717668664528E+02   0.0000000000000E+00  -0.8724624732441E+01   0.0000000000000E+00   0.0000000000000E+00   0.0000000000000E+00   0.4506280093773E+02   0.0000000000000E+00  -0.3082678413777E+02   0.1000000000000E+01   0.0000000000000E+00   0.0000000000000E+00   0.0000000000000E+00
   0.1040000000000E+01   0.3708432830673E+02   0.0000000000000E+00  -0.8381610073426E+01   0.0000000000000E+00   0.0000000000000E+00   0.0000000000000E+00   0.4543410548946E+02   0.0000000000000E+00  -0.3091231452440E+02   0.1000000000000E+01   0.0000000000000E+00   0.0000000000000E+00   0.0000000000000E+00
   0.1050000000000E+01   0.3699259180649E+02   0.0000000000000E+00  -0.8039534559676E+01   0.0000000000000E+00   0.0000000000000E+00   0.0000000000000E+00   0.4580448957665E+02   0.0000000000000E+00  -0.3099441946969E+02   0.1000000000000E+01   0.0000000000000E+00   0.0000000000000E+00   0.0000000000000E+00
   0.1060000000000E+01   0.3690146560944E+02   0.0000000000000E+00  -0.7698386904689E+01   0.0000000000000E+00   0.0000000000000E+00   0.0000000000000E+00   0.4617395935992E+02   0.0000000000000E+00  -0.3107310830842E+02   0.1000000000000E+01   0.0000000000000E+00   0.0000000000000E+00   0.0000000000000E+00
   0.1070000000000E+01   0.3681093828580E+02   0.0000000000000E+00  -0.7358156101692E+01   0.0000000000000E+00   0.0000000000000E+00   0.0000000000000E+00   0.4654252088507E+02   0.0000000000000E+00  -0.3114839026391E+02   0.1000000000000E+01   0.0000000000000E+00   0.0000000000000E+00   0.0000000000000E+00
   0.1080000000000E+01   0.3672099850997E+02   0.0000000000000E+00  -0.7018831421438E+01   0.0000000000000E+00   0.0000000000000E+00   0.0000000000000E+00   0.4691018008411E+02   0.0000000000000E+00  -0.3122027445082E+02   0.1000000000000E+01   0.0000000000000E+00   0.0000000000000E+00   0.0000000000000E+00
   0.1090000000000E+01   0.3663163505950E+02   0.0000000000000E+00  -0.6680402410035E+01   0.0000000000000E+00   0.0000000000000E+00   0.0000000000000E+00   0.4727694277634E+02   0.0000000000000E+00  -0.3128876987787E+02   0.1000000000000E+01   0.0000000000000E+00   0.0000000000000E+00   0.0000000000000E+00
   0.1100000000000E+01   0.3654283681407E+02   0.0000000000000E+00  -0.6342858886803E+01   0.0000000000000E+00   0.0000000000000E+00   0.0000000000000E+00   0.4764281466931E+02   0.0000000000000E+00  -0.3135388545061E+02   0.1000000000000E+01   0.0000000000000E+00   0.0000000000000E+00   0.0000000000000E+00
   0.1110000000000E+01   0.3645459275461E+02   0.0000000000000E+00  -0.6006190942169E+01   0.0000000000000E+00   0.0000000000000E+00   0.0000000000000E+00   0.4800780135989E+02   0.0000000000000E+00  -0.3141562997416E+02   0.1000000000000E+01   0.0000000000000E+00   0.0000000000000E+00   0.0000000000000E+00
   0.1120000000000E+01   0.3636689196246E+02   0.0000000000000E+00  -0.5670388935580E+01   0.0000000000000E+00   0.0000000000000E+00   0.0000000000000E+00   0.4837190833528E+02   0.0000000000000E+00  -0.3147401215588E+02   0.1000000000000E+01   0.0000000000000E+00   0.0000000000000E+00   0.0000000000000E+00
   0.1130000000000E+01   0.3627972361865E+02   0.0000000000000E+00  -0.5335443493440E+01   0.0000000000000E+00   0.0000000000000E+00   0.0000000000000E+00   0.4873514097396E+02   0.0000000000000E+00  -0.3152904060805E+02   0.1000000000000E+01   0.0000000000000E+00   0.0000000000000E+00   0.0000000000000E+00
   0.1140000000000E+01   0.3619307700320E+02   0.0000000000000E+00  -0.5001345507063E+01   0.0000000000000E+00   0.0000000000000E+00   0.0000000000000E+00   0.4909750454673E+02   0.0000000000000E+00  -0.3158072385057E+02   0.1000000000000E+01   0.0000000000000E+00   0.0000000000000E+00   0.0000000000000E+00
   0.1150000000000E+01   0.3610694149455E+02   0.0000000000000E+00  -0.4668086130640E+01   0.0000000000000E+00   0.0000000000000E+00   0.0000000000000E+00   0.4945900421770E+02   0.0000000000000E+00  -0.3162907031353E+02   0.1000000000000E+01   0.0000000000000E+00   0.0000000000000E+00   0.0000000000000E+00
   0.1160000000000E+01   0.3602130656901E+02   0.0000000000000E+00  -0.4335656779213E+01   0.0000000000000E+00   0.0000000000000E+00   0.0000000000000E+00   0.4981964504522E+02   0.0000000000000E+00  -0.3167408833989E+02   0.1000000000000E+01   0.0000000000000E+00   0.0000000000000E+00   0.0000000000000E+00
   0.1170000000000E+01   0.3593616180036E+02   0.0000000000000E+00  -0.4004049126658E+01   0.0000000000000E+00   0.0000000000000E+00   0.0000000000000E+00   0.5017943198292E+02   0.0000000000000E+00  -0.3171578618807E+02   0.1000000000000E+01   0.0000000000000E+00   0.0000000000000E+00   0.0000000000000E+00
   0.1180000000000E+01   0.3585149685940E+02   0.0000000000000E+00  -0.3673255103667E+01   0.0000000000000E+00   0.0000000000000E+00   0.0000000000000E+00   0.5053836988064E+02   0.0000000000000E+00  -0.3175417203449E+02   0.1000000000000E+01   0.0000000000000E+00   0.0000000000000E+00   0.0000000000000E+00
   0.1190000000000E+01   0.3576730151370E+02   0.0000000000000E+00  -0.3343266895732E+01   0.0000000000000E+00   0.0000000000000E+00   0.0000000000000E+00   0.5089646348541E+02   0.0000000000000E+00  -0.3178925397616E+02   0.1000000000000E+01   0.0000000000000E+00   0.0000000000000E+00   0.0000000000000E+00
   0.1200000000000E+01   0.3568356562729E+02   0.0000000000000E+00  -0.3014076941119E+01   0.0000000000000E+00   0.0000000000000E+00   0.0000000000000E+00   0.5125371744243E+02   0.0000000000000E+00  -0.3182104003321E+02   0.1000000000000E+01   0.0000000000000E+00   0.0000000000000E+00   0.0000000000000E+00
   0.1210000000000E+01   0.3560027916052E+02   0.0000000000000E+00  -0.2685677928841E+01   0.0000000000000E+00   0.0000000000000E+00   0.0000000000000E+00   0.5161013629601E+02   0.0000000000000E+00  -0.3184953815142E+02   0.1000000000000E+01   0.0000000000000E+00   0.0000000000000E+00   0.0000000000000E+00
   0.1220000000000E+01   0.3551743216991E+02   0.0000000000000E+00  -0.2358062796610E+01   0.0000000000000E+00   0.0000000000000E+00   0.0000000000000E+00   0.5196572449055E+02   0.0000000000000E+00  -0.3187475620469E+02   0.1000000000000E+01   0.0000000000000E+00   0.0000000000000E+00   0.0000000000000E+00
   0.1230000000000E+01   0.3543501480807E+02   0.0000000000000E+00  -0.2031224728782E+01   0.0000000000000E+00   0.0000000000000E+00   0.0000000000000E+00   0.5232048637149E+02   0.0000000000000E+00  -0.3189670199754E+02   0.1000000000000E+01   0.0000000000000E+00   0.0000000000000E+00   0.0000000000000E+00
   0.1240000000000E+01   0.3535301732370E+02   0.0000000000000E+00  -0.1705157154281E+01   0.0000000000000E+00   0.0000000000000E+00   0.0000000000000E+00   0.5267442618629E+02   0.0000000000000E+00  -0.3191538326754E+02   0.1000000000000E+01   0.0000000000000E+00   0.0000000000000E+00   0.0000000000000E+00
   0.1250000000000E+01   0.3527143006164E+02   0.0000000000000E+00  -0.1379853744503E+01   0.0000000000000E+00   0.0000000000000E+00   0.0000000000000E+00   0.5302754808536E+02   0.0000000000000E+00  -0.3193080768780E+02   0.1000000000000E+01   0.0000000000000E+00   0.0000000000000E+00   0.0000000000000E+00
   0.1260000000000E+01   0.3519024346293E+02   0.0000000000000E+00  -0.1055308411197E+01   0.0000000000000E+00   0.0000000000000E+00   0.0000000000000E+00   0.5337985612306E+02   0.0000000000000E+00  -0.3194298286932E+02   0.1000000000000E+01   0.0000000000000E+00   0.0000000000000E+00   0.0000000000000E+00
   0.1270000000000E+01   0.3510944806495E+02   0.0000000000000E+00  -0.7315153043163E+00   0.0000000000000E+00   0.0000000000000E+00   0.0000000000000E+00   0.5373135425861E+02   0.0000000000000E+00  -0.3195191636342E+02   0.1000000000000E+01   0.0000000000000E+00   0.0000000000000E+00   0.0000000000000E+00
   0.1280000000000E+01   0.3502903450163E+02   0.0000000000000E+00  -0.4084688098475E+00   0.0000000000000E+00   0.0000000000000E+00   0.0000000000000E+00   0.5408204635713E+02   0.0000000000000E+00  -0.3195761566408E+02   0.1000000000000E+01   0.0000000000000E+00   0.0000000000000E+00   0.0000000000000E+00
   0.1290000000000E+01   0.3494899350367E+02   0.0000000000000E+00  -0.8616354760251E-01   0.0000000000000E+00   0.0000000000000E+00   0.0000000000000E+00   0.5443193619052E+02   0.0000000000000E+00  -0.3196008821035E+02   0.1000000000000E+01   0.0000000000000E+00   0.0000000000000E+00   0.0000000000000E+00
   0.1300000000000E+01   0.3486931589877E+02   0.0000000000000E+00   0.2354056310193E+00   0.0000000000000E+00   0.0000000000000E+00   0.0000000000000E+00   0.5478102743850E+02   0.0000000000000E+00  -0.3195934138862E+02   0.1000000000000E+01   0.0000000000000E+00   0.0000000000000E+00   0.0000000000000E+00
   0.1310000000000E+01   0.3478999261196E+02   0.0000000000000E+00   0.5562436453059E+00   0.0000000000000E+00   0.0000000000000E+00   0.0000000000000E+00   0.5512932368954E+02   0.0000000000000E+00  -0.3195538253492E+02   0.1000000000000E+01   0.0000000000000E+00   0.0000000000000E+00   0.0000000000000E+00
   0.1320000000000E+01   0.3471101466595E+02   0.0000000000000E+00   0.8763551875435E+00   0.0000000000000E+00   0.0000000000000E+00   0.0000000000000E+00   0.5547682844186E+02   0.0000000000000E+00  -0.3194821893725E+02   0.1000000000000E+01   0.0000000000000E+00   0.0000000000000E+00   0.0000000000000E+00
   0.1330000000000E+01   0.3463237318148E+02   0.0000000000000E+00   0.1195744725368E+01   0.0000000000000E+00   0.0000000000000E+00   0.0000000000000E+00   0.5582354510439E+02   0.0000000000000E+00  -0.3193785783782E+02   0.1000000000000E+01   0.0000000000000E+00   0.0000000000000E+00   0.0000000000000E+00
   0.1340000000000E+01   0.3455405937770E+02   0.0000000000000E+00   0.1514416504155E+01   0.0000000000000E+00   0.0000000000000E+00   0.0000000000000E+00   0.5616947699775E+02   0.0000000000000E+00  -0.3192430643524E+02   0.1000000000000E+01   0.0000000000000E+00   0.0000000000000E+00   0.0000000000000E+00
   0.1350000000000E+01   0.3447606457264E+02   0.0000000000000E+00   0.1832374549454E+01   0.0000000000000E+00   0.0000000000000E+00   0.0000000000000E+00   0.5651462735526E+02   0.0000000000000E+00  -0.3190757188681E+02   0.1000000000000E+01   0.0000000000000E+00   0.0000000000000E+00   0.0000000000000E+00
   0.1360000000000E+01   0.3439838018362E+02   0.0000000000000E+00   0.2149622669466E+01   0.0000000000000E+00   0.0000000000000E+00   0.0000000000000E+00   0.5685899932391E+02   0.0000000000000E+00  -0.3188766131064E+02   0.1000000000000E+01   0.0000000000000E+00   0.0000000000000E+00   0.0000000000000E+00
   0.1370000000000E+01   0.3432099772773E+02   0.0000000000000E+00   0.2466164457561E+01   0.0000000000000E+00   0.0000000000000E+00   0.0000000000000E+00   0.5720259596536E+02   0.0000000000000E+00  -0.3186458178784E+02   0.1000000000000E+01   0.0000000000000E+00   0.0000000000000E+00   0.0000000000000E+00
   0.1380000000000E+01   0.3424390882233E+02   0.0000000000000E+00   0.2782003294847E+01   0.0000000000000E+00   0.0000000000000E+00   0.0000000000000E+00   0.5754542025695E+02   0.0000000000000E+00  -0.3183834036463E+02   0.1000000000000E+01   0.0000000000000E+00   0.0000000000000E+00   0.0000000000000E+00
   0.1390000000000E+01   0.3416710518551E+02   0.0000000000000E+00   0.3097142352782E+01   0.0000000000000E+00   0.0000000000000E+00   0.0000000000000E+00   0.5788747509269E+02   0.0000000000000E+00  -0.3180894405451E+02   0.1000000000000E+01   0.0000000000000E+00   0.0000000000000E+00   0.0000000000000E+00
   0.1400000000000E+01   0.3409057863664E+02   0.0000000000000E+00   0.3411584595831E+01   0.0000000000000E+00   0.0000000000000E+00   0.0000000000000E+00   0.5822876328427E+02   0.0000000000000E+00  -0.3177639984026E+02   0.1000000000000E+01   0.0000000000000E+00   0.0000000000000E+00   0.0000000000000E+00
   0.1410000000000E+01   0.3401432109687E+02   0.0000000000000E+00   0.3725332784175E+01   0.0000000000000E+00   0.0000000000000E+00   0.0000000000000E+00   0.5856928756211E+02   0.0000000000000E+00  -0.3174071467608E+02   0.1000000000000E+01   0.0000000000000E+00   0.0000000000000E+00   0.0000000000000E+00
   0.1420000000000E+01   0.3393832458964E+02   0.0000000000000E+00   0.4038389476459E+01   0.0000000000000E+00   0.0000000000000E+00   0.0000000000000E+00   0.5890905057631E+02   0.0000000000000E+00  -0.3170189548954E+02   0.1000000000000E+01   0.0000000000000E+00   0.0000000000000E+00   0.0000000000000E+00
   0.1430000000000E+01   0.3386258124127E+02   0.0000000000000E+00   0.4350757032596E+01   0.0000000000000E+00   0.0000000000000E+00   0.0000000000000E+00   0.5924805489775E+02   0.0000000000000E+00  -0.3165994918364E+02   0.1000000000000E+01   0.0000000000000E+00   0.0000000000000E+00   0.0000000000000E+00
   0.1440000000000E+01   0.3378708328141E+02   0.0000000000000E+00   0.4662437616613E+01   0.0000000000000E+00   0.0000000000000E+00   0.0000000000000E+00   0.5958630301908E+02   0.0000000000000E+00  -0.3161488263877E+02   0.1000000000000E+01   0.0000000000000E+00   0.0000000000000E+00   0.0000000000000E+00
   0.1450000000000E+01   0.3371182304361E+02   0.0000000000000E+00   0.4973433199541E+01   0.0000000000000E+00   0.0000000000000E+00   0.0000000000000E+00   0.5992379735577E+02   0.0000000000000E+00  -0.3156670271462E+02   0.1000000000000E+01   0.0000000000000E+00   0.0000000000000E+00   0.0000000000000E+00
   0.1460000000000E+01   0.3363679296585E+02   0.0000000000000E+00   0.5283745562360E+01   0.0000000000000E+00   0.0000000000000E+00   0.0000000000000E+00   0.6026054024714E+02   0.0000000000000E+00  -0.3151541625215E+02   0.1000000000000E+01   0.0000000000000E+00   0.0000000000000E+00   0.0000000000000E+00
   0.1470000000000E+01   0.3356198559103E+02   0.0000000000000E+00   0.5593376298981E+01   0.0000000000000E+00   0.0000000000000E+00   0.0000000000000E+00   0.6059653395742E+02   0.0000000000000E+00  -0.3146103007543E+02   0.1000000000000E+01   0.0000000000000E+00   0.0000000000000E+00   0.0000000000000E+00
   0.1480000000000E+01   0.3348739356747E+02   0.0000000000000E+00   0.5902326819277E+01   0.0000000000000E+00   0.0000000000000E+00   0.0000000000000E+00   0.6093178067679E+02   0.0000000000000E+00  -0.3140355099353E+02   0.1000000000000E+01   0.0000000000000E+00   0.0000000000000E+00   0.0000000000000E+00
   0.1490000000000E+01   0.3341300964944E+02   0.0000000000000E+00   0.6210598352155E+01   0.0000000000000E+00   0.0000000000000E+00   0.0000000000000E+00   0.6126628252244E+02   0.0000000000000E+00  -0.3134298580231E+02   0.1000000000000E+01   0.0000000000000E+00   0.0000000000000E+00   0.0000000000000E+00
   0.1500000000000E+01   0.3333882669759E+02   0.0000000000000E+00   0.6518191948674E+01   0.0000000000000E+00   0.0000000000000E+00   0.0000000000000E+00   0.6160004153965E+02   0.0000000000000E+00  -0.3127934128625E+02   0.1000000000000E+01   0.0000000000000E+00   0.0000000000000E+00   0.0000000000000E+00
   0.1510000000000E+01   0.3326483767943E+02   0.0000000000000E+00   0.6825108485203E+01   0.0000000000000E+00   0.0000000000000E+00   0.0000000000000E+00   0.6193305970282E+02   0.0000000000000E+00  -0.3121262422018E+02   0.1000000000000E+01   0.0000000000000E+00   0.0000000000000E+00   0.0000000000000E+00
   0.1520000000000E+01   0.3319103566980E+02   0.0000000000000E+00   0.7131348666617E+01   0.0000000000000E+00   0.0000000000000E+00   0.0000000000000E+00   0.6226533891659E+02   0.0000000000000E+00  -0.3114284137104E+02   0.1000000000000E+01   0.0000000000000E+00   0.0000000000000E+00   0.0000000000000E+00
   0.1530000000000E+01   0.3311741385121E+02   0.0000000000000E+00   0.7436913029532E+01   0.0000000000000E+00   0.0000000000000E+00   0.0000000000000E+00   0.6259688101684E+02   0.0000000000000E+00  -0.3106999949955E+02   0.1000000000000E+01   0.0000000000000E+00   0.0000000000000E+00   0.0000000000000E+00
   0.1540000000000E+01   0.3304396551433E+02   0.0000000000000E+00   0.7741801945582E+01   0.0000000000000E+00   0.0000000000000E+00   0.0000000000000E+00   0.6292768777187E+02   0.0000000000000E+00  -0.3099410536192E+02   0.1000000000000E+01   0.0000000000000E+00   0.0000000000000E+00   0.0000000000000E+00
   0.1550000000000E+01   0.3297068405828E+02   0.0000000000000E+00   0.8046015624723E+01   0.0000000000000E+00   0.0000000000000E+00   0.0000000000000E+00   0.6325776088339E+02   0.0000000000000E+00  -0.3091516571141E+02   0.1000000000000E+01   0.0000000000000E+00   0.0000000000000E+00   0.0000000000000E+00
   0.1560000000000E+01   0.3289756299102E+02   0.0000000000000E+00   0.8349554118576E+01   0.0000000000000E+00   0.0000000000000E+00   0.0000000000000E+00   0.6358710198765E+02   0.0000000000000E+00  -0.3083318730002E+02   0.1000000000000E+01   0.0000000000000E+00   0.0000000000000E+00   0.0000000000000E+00
   0.1570000000000E+01   0.3282459592966E+02   0.0000000000000E+00   0.8652417323798E+01   0.0000000000000E+00   0.0000000000000E+00   0.0000000000000E+00   0.6391571265655E+02   0.0000000000000E+00  -0.3074817687998E+02   0.1000000000000E+01   0.0000000000000E+00   0.0000000000000E+00   0.0000000000000E+00
   0.1580000000000E+01   0.3275177660070E+02   0.0000000000000E+00   0.8954604985484E+01   0.0000000000000E+00   0.0000000000000E+00   0.0000000000000E+00   0.6424359439867E+02   0.0000000000000E+00  -0.3066014120533E+02   0.1000000000000E+01   0.0000000000000E+00   0.0000000000000E+00   0.0000000000000E+00
   0.1590000000000E+01   0.3267909884034E+02   0.0000000000000E+00   0.9256116700595E+01   0.0000000000000E+00   0.0000000000000E+00   0.0000000000000E+00   0.6457074866044E+02   0.0000000000000E+00  -0.3056908703340E+02   0.1000000000000E+01   0.0000000000000E+00   0.0000000000000E+00   0.0000000000000E+00
   0.1600000000000E+01   0.3260655659466E+02   0.0000000000000E+00   0.9556951921413E+01   0.0000000000000E+00   0.0000000000000E+00   0.0000000000000E+00   0.6489717682718E+02   0.0000000000000E+00  -0.3047502112628E+02   0.1000000000000E+01   0.0000000000000E+00   0.0000000000000E+00   0.0000000000000E+00
   0.1610000000000E+01   0.3253414391982E+02   0.0000000000000E+00   0.9857109959012E+01   0.0000000000000E+00   0.0000000000000E+00   0.0000000000000E+00   0.6522288022422E+02   0.0000000000000E+00  -0.3037795025223E+02   0.1000000000000E+01   0.0000000000000E+00   0.0000000000000E+00   0.0000000000000E+00
   0.1620000000000E+01   0.3246185498218E+02   0.0000000000000E+00   0.1015658998676E+02   0.0000000000000E+00   0.0000000000000E+00   0.0000000000000E+00   0.6554786011802E+02   0.0000000000000E+00  -0.3027788118711E+02   0.1000000000000E+01   0.0000000000000E+00   0.0000000000000E+00   0.0000000000000E+00
   0.1630000000000E+01   0.3238968405846E+02   0.0000000000000E+00   0.1045539104382E+02   0.0000000000000E+00   0.0000000000000E+00   0.0000000000000E+00   0.6587211771723E+02   0.0000000000000E+00  -0.3017482071571E+02   0.1000000000000E+01   0.0000000000000E+00   0.0000000000000E+00   0.0000000000000E+00
   0.1640000000000E+01   0.3231762553576E+02   0.0000000000000E+00   0.1075351203871E+02   0.0000000000000E+00   0.0000000000000E+00   0.0000000000000E+00   0.6619565417385E+02   0.0000000000000E+00  -0.3006877563309E+02   0.1000000000000E+01   0.0000000000000E+00   0.0000000000000E+00   0.0000000000000E+00
   0.1650000000000E+01   0.3224567391164E+02   0.0000000000000E+00   0.1105095175279E+02   0.0000000000000E+00   0.0000000000000E+00   0.0000000000000E+00   0.6651847058426E+02   0.0000000000000E+00  -0.2995975274586E+02   0.1000000000000E+01   0.0000000000000E+00   0.0000000000000E+00   0.0000000000000E+00
   0.1660000000000E+01   0.3217382379407E+02   0.0000000000000E+00   0.1134770884388E+02   0.0000000000000E+00   0.0000000000000E+00   0.0000000000000E+00   0.6684056799042E+02   0.0000000000000E+00  -0.2984775887343E+02   0.1000000000000E+01   0.0000000000000E+00   0.0000000000000E+00   0.0000000000000E+00
   0.1670000000000E+01   0.3210206990142E+02   0.0000000000000E+00   0.1164378184976E+02   0.0000000000000E+00   0.0000000000000E+00   0.0000000000000E+00   0.6716194738088E+02   0.0000000000000E+00  -0.2973280084925E+02   0.1000000000000E+01   0.0000000000000E+00   0.0000000000000E+00   0.0000000000000E+00
   0.1680000000000E+01   0.3203040706240E+02   0.0000000000000E+00   0.1193916919176E+02   0.0000000000000E+00   0.0000000000000E+00   0.0000000000000E+00   0.6748260969195E+02   0.0000000000000E+00  -0.2961488552196E+02   0.1000000000000E+01   0.0000000000000E+00   0.0000000000000E+00   0.0000000000000E+00
   0.1690000000000E+01   0.3195883021584E+02   0.0000000000000E+00   0.1223386917835E+02   0.0000000000000E+00   0.0000000000000E+00   0.0000000000000E+00   0.6780255580876E+02   0.0000000000000E+00  -0.2949401975658E+02   0.1000000000000E+01   0.0000000000000E+00   0.0000000000000E+00   0.0000000000000E+00
   0.1700000000000E+01   0.3188733441065E+02   0.0000000000000E+00   0.1252788000868E+02   0.0000000000000E+00   0.0000000000000E+00   0.0000000000000E+00   0.6812178656639E+02   0.0000000000000E+00  -0.2937021043557E+02   0.1000000000000E+01   0.0000000000000E+00   0.0000000000000E+00   0.0000000000000E+00
   0.1710000000000E+01   0.3181591480551E+02   0.0000000000000E+00   0.1282119977613E+02   0.0000000000000E+00   0.0000000000000E+00   0.0000000000000E+00   0.6844030275096E+02   0.0000000000000E+00  -0.2924346445993E+02   0.1000000000000E+01   0.0000000000000E+00   0.0000000000000E+00   0.0000000000000E+00
   0.1720000000000E+01   0.3174456666869E+02   0.0000000000000E+00   0.1311382647193E+02   0.0000000000000E+00   0.0000000000000E+00   0.0000000000000E+00   0.6875810510071E+02   0.0000000000000E+00  -0.2911378875027E+02   0.1000000000000E+01   0.0000000000000E+00   0.0000000000000E+00   0.0000000000000E+00
   0.1730000000000E+01   0.3167328537773E+02   0.0000000000000E+00   0.1340575798864E+02   0.0000000000000E+00   0.0000000000000E+00   0.0000000000000E+00   0.6907519430714E+02   0.0000000000000E+00  -0.2898119024774E+02   0.1000000000000E+01   0.0000000000000E+00   0.0000000000000E+00   0.0000000000000E+00
   0.1740000000000E+01   0.3160206641914E+02   0.0000000000000E+00   0.1369699212375E+02   0.0000000000000E+00   0.0000000000000E+00   0.0000000000000E+00   0.6939157101603E+02   0.0000000000000E+00  -0.2884567591508E+02   0.1000000000000E+01   0.0000000000000E+00   0.0000000000000E+00   0.0000000000000E+00
   0.1750000000000E+01   0.3153090538799E+02   0.0000000000000E+00   0.1398752658320E+02   0.0000000000000E+00   0.0000000000000E+00   0.0000000000000E+00   0.6970723582860E+02   0.0000000000000E+00  -0.2870725273751E+02   0.1000000000000E+01   0.0000000000000E+00   0.0000000000000E+00   0.0000000000000E+00
   0.1760000000000E+01   0.3145979798757E+02   0.0000000000000E+00   0.1427735898488E+02   0.0000000000000E+00   0.0000000000000E+00   0.0000000000000E+00   0.7002218930255E+02   0.0000000000000E+00  -0.2856592772360E+02   0.1000000000000E+01   0.0000000000000E+00   0.0000000000000E+00   0.0000000000000E+00
   0.1770000000000E+01   0.3138874002886E+02   0.0000000000000E+00   0.1456648686214E+02   0.0000000000000E+00   0.0000000000000E+00   0.0000000000000E+00   0.7033643195314E+02   0.0000000000000E+00  -0.2842170790621E+02   0.1000000000000E+01   0.0000000000000E+00   0.0000000000000E+00   0.0000000000000E+00
   0.1780000000000E+01   0.3131772743012E+02   0.0000000000000E+00   0.1485490766729E+02   0.0000000000000E+00   0.0000000000000E+00   0.0000000000000E+00   0.7064996425431E+02   0.0000000000000E+00  -0.2827460034325E+02   0.1000000000000E+01   0.0000000000000E+00   0.0000000000000E+00   0.0000000000000E+00
   0.1790000000000E+01   0.3124675621633E+02   0.0000000000000E+00   0.1514261877503E+02   0.0000000000000E+00   0.0000000000000E+00   0.0000000000000E+00   0.7096278663968E+02   0.0000000000000E+00  -0.2812461211851E+02   0.1000000000000E+01   0.0000000000000E+00   0.0000000000000E+00   0.0000000000000E+00
   0.1800000000000E+01   0.3117582251865E+02   0.0000000000000E+00   0.1542961748592E+02   0.0000000000000E+00   0.0000000000000E+00   0.0000000000000E+00   0.7127489950368E+02   0.0000000000000E+00  -0.2797175034240E+02   0.1000000000000E+01   0.0000000000000E+00   0.0000000000000E+00   0.0000000000000E+00
   0.1810000000000E+01   0.3110492257377E+02   0.0000000000000E+00   0.1571590102976E+02   0.0000000000000E+00   0.0000000000000E+00   0.0000000000000E+00   0.7158630320255E+02   0.0000000000000E+00  -0.2781602215267E+02   0.1000000000000E+01   0.0000000000000E+00   0.0000000000000E+00   0.0000000000000E+00
   0.1820000000000E+01   0.3103405272336E+02   0.0000000000000E+00   0.1600146656902E+02   0.0000000000000E+00   0.0000000000000E+00   0.0000000000000E+00   0.7189699805546E+02   0.0000000000000E+00  -0.2765743471514E+02   0.1000000000000E+01   0.0000000000000E+00   0.0000000000000E+00   0.0000000000000E+00
   0.1830000000000E+01   0.3096320941334E+02   0.0000000000000E+00   0.1628631120214E+02   0.0000000000000E+00   0.0000000000000E+00   0.0000000000000E+00   0.7220698434548E+02   0.0000000000000E+00  -0.2749599522430E+02   0.1000000000000E+01   0.0000000000000E+00   0.0000000000000E+00   0.0000000000000E+00
   0.1840000000000E+01   0.3089238919320E+02   0.0000000000000E+00   0.1657043196691E+02   0.0000000000000E+00   0.0000000000000E+00   0.0000000000000E+00   0.7251626232068E+02   0.0000000000000E+00  -0.2733171090398E+02   0.1000000000000E+01   0.0000000000000E+00   0.0000000000000E+00   0.0000000000000E+00
   0.1850000000000E+01   0.3082158871524E+02   0.0000000000000E+00   0.1685382584374E+02   0.0000000000000E+00   0.0000000000000E+00   0.0000000000000E+00   0.7282483219514E+02   0.0000000000000E+00  -0.2716458900791E+02   0.1000000000000E+01   0.0000000000000E+00   0.0000000000000E+00   0.0000000000000E+00
   0.1860000000000E+01   0.3075080473384E+02   0.0000000000000E+00   0.1713648975890E+02   0.0000000000000E+00   0.0000000000000E+00   0.0000000000000E+00   0.7313269414996E+02   0.0000000000000E+00  -0.2699463682030E+02   0.1000000000000E+01   0.0000000000000E+00   0.0000000000000E+00   0.0000000000000E+00
   0.1870000000000E+01   0.3068003410464E+02   0.0000000000000E+00   0.1741842058779E+02   0.0000000000000E+00   0.0000000000000E+00   0.0000000000000E+00   0.7343984833431E+02   0.0000000000000E+00  -0.2682186165635E+02   0.1000000000000E+01   0.0000000000000E+00   0.0000000000000E+00   0.0000000000000E+00
   0.1880000000000E+01   0.3060927378371E+02   0.0000000000000E+00   0.1769961515807E+02   0.0000000000000E+00   0.0000000000000E+00   0.0000000000000E+00   0.7374629486640E+02   0.0000000000000E+00  -0.2664627086273E+02   0.1000000000000E+01   0.0000000000000E+00   0.0000000000000E+00   0.0000000000000E+00
   0.1890000000000E+01   0.3053852082668E+02   0.0000000000000E+00   0.1798007025286E+02   0.0000000000000E+00   0.0000000000000E+00   0.0000000000000E+00   0.7405203383452E+02   0.0000000000000E+00  -0.2646787181809E+02   0.1000000000000E+01   0.0000000000000E+00   0.0000000000000E+00   0.0000000000000E+00
   0.1900000000000E+01   0.3046777238788E+02   0.0000000000000E+00   0.1825978261380E+02   0.0000000000000E+00   0.0000000000000E+00   0.0000000000000E+00   0.7435706529798E+02   0.0000000000000E+00  -0.2628667193345E+02   0.1000000000000E+01   0.0000000000000E+00   0.0000000000000E+00   0.0000000000000E+00
   0.1910000000000E+01   0.3039702571938E+02   0.0000000000000E+00   0.1853874894416E+02   0.0000000000000E+00   0.0000000000000E+00   0.0000000000000E+00   0.7466138928816E+02   0.0000000000000E+00  -0.2610267865258E+02   0.1000000000000E+01   0.0000000000000E+00   0.0000000000000E+00   0.0000000000000E+00
   0.1920000000000E+01   0.3032627817011E+02   0.0000000000000E+00   0.1881696591181E+02   0.0000000000000E+00   0.0000000000000E+00   0.0000000000000E+00   0.7496500580942E+02   0.0000000000000E+00  -0.2591589945243E+02   0.1000000000000E+01   0.0000000000000E+00   0.0000000000000E+00   0.0000000000000E+00
   0.1930000000000E+01   0.3025552718484E+02   0.0000000000000E+00   0.1909443015226E+02   0.0000000000000E+00   0.0000000000000E+00   0.0000000000000E+00   0.7526791484010E+02   0.0000000000000E+00  -0.2572634184343E+02   0.1000000000000E+01   0.0000000000000E+00   0.0000000000000E+00   0.0000000000000E+00
   0.1940000000000E+01   0.3018477030323E+02   0.0000000000000E+00   0.1937113827152E+02   0.0000000000000E+00   0.0000000000000E+00   0.0000000000000E+00   0.7557011633346E+02   0.0000000000000E+00  -0.2553401336978E+02   0.1000000000000E+01   0.0000000000000E+00   0.0000000000000E+00   0.0000000000000E+00
   0.1950000000000E+01   0.3011400515877E+02   0.0000000000000E+00   0.1964708684907E+02   0.0000000000000E+00   0.0000000000000E+00   0.0000000000000E+00   0.7587161021861E+02   0.0000000000000E+00  -0.2533892160980E+02   0.1000000000000E+01   0.0000000000000E+00   0.0000000000000E+00   0.0000000000000E+00
   0.1960000000000E+01   0.3004322947782E+02   0.0000000000000E+00   0.1992227244064E+02   0.0000000000000E+00   0.0000000000000E+00   0.0000000000000E+00   0.7617239640150E+02   0.0000000000000E+00  -0.2514107417608E+02   0.1000000000000E+01   0.0000000000000E+00   0.0000000000000E+00   0.0000000000000E+00
   0.1970000000000E+01   0.2997244107849E+02   0.0000000000000E+00   0.2019669158101E+02   0.0000000000000E+00   0.0000000000000E+00   0.0000000000000E+00   0.7647247476576E+02   0.0000000000000E+00  -0.2494047871582E+02   0.1000000000000E+01   0.0000000000000E+00   0.0000000000000E+00   0.0000000000000E+00
   0.1980000000000E+01   0.2990163786960E+02   0.0000000000000E+00   0.2047034078680E+02   0.0000000000000E+00   0.0000000000000E+00   0.0000000000000E+00   0.7677184517369E+02   0.0000000000000E+00  -0.2473714291091E+02   0.1000000000000E+01   0.0000000000000E+00   0.0000000000000E+00   0.0000000000000E+00
   0.1990000000000E+01   0.2983081784956E+02   0.0000000000000E+00   0.2074321655910E+02   0.0000000000000E+00   0.0000000000000E+00   0.0000000000000E+00   0.7707050746711E+02   0.0000000000000E+00  -0.2453107447819E+02   0.1000000000000E+01   0.0000000000000E+00   0.0000000000000E+00   0.0000000000000E+00
   0.2000000000000E+01   0.2975997910534E+02   0.0000000000000E+00   0.2101531538616E+02   0.0000000000000E+00   0.0000000000000E+00   0.0000000000000E+00   0.7736846146826E+02   0.0000000000000E+00  -0.2432228116954E+02   0.1000000000000E+01   0.0000000000000E+00   0.0000000000000E+00   0.0000000000000E+00
   0.2010000000000E+01   0.2968911981123E+02   0.0000000000000E+00   0.2128663374600E+02   0.0000000000000E+00   0.0000000000000E+00   0.0000000000000E+00   0.7766570698071E+02   0.0000000000000E+00  -0.2411077077202E+02   0.1000000000000E+01   0.0000000000000E+00   0.0000000000000E+00   0.0000000000000E+00
   0.2020000000000E+01   0.2961823822782E+02   0.0000000000000E+00   0.2155716810891E+02   0.0000000000000E+00   0.0000000000000E+00   0.0000000000000E+00   0.7796224379018E+02   0.0000000000000E+00  -0.2389655110794E+02   0.1000000000000E+01   0.0000000000000E+00   0.0000000000000E+00   0.0000000000000E+00
   0.2030000000000E+01   0.2954733270077E+02   0.0000000000000E+00   0.2182691493998E+02   0.0000000000000E+00   0.0000000000000E+00   0.0000000000000E+00   0.7825807166544E+02   0.0000000000000E+00  -0.2367963003494E+02   0.1000000000000E+01   0.0000000000000E+00   0.0000000000000E+00   0.0000000000000E+00
   0.2040000000000E+01   0.2947640165969E+02   0.0000000000000E+00   0.2209587070152E+02   0.0000000000000E+00   0.0000000000000E+00   0.0000000000000E+00   0.7855319035914E+02   0.0000000000000E+00  -0.2346001544603E+02   0.1000000000000E+01   0.0000000000000E+00   0.0000000000000E+00   0.0000000000000E+00
   0.2050000000000E+01   0.2940544361693E+02   0.0000000000000E+00   0.2236403185547E+02   0.0000000000000E+00   0.0000000000000E+00   0.0000000000000E+00   0.7884759960862E+02   0.0000000000000E+00  -0.2323771526960E+02   0.1000000000000E+01   0.0000000000000E+00   0.0000000000000E+00   0.0000000000000E+00
   0.2060000000000E+01   0.2933445716646E+02   0.0000000000000E+00   0.2263139486576E+02   0.0000000000000E+00   0.0000000000000E+00   0.0000000000000E+00   0.7914129913677E+02   0.0000000000000E+00  -0.2301273746940E+02   0.1000000000000E+01   0.0000000000000E+00   0.0000000000000E+00   0.0000000000000E+00
   0.2070000000000E+01   0.2926344098259E+02   0.0000000000000E+00   0.2289795620054E+02   0.0000000000000E+00   0.0000000000000E+00   0.0000000000000E+00   0.7943428865283E+02   0.0000000000000E+00  -0.2278509004454E+02   0.1000000000000E+01   0.0000000000000E+00   0.0000000000000E+00   0.0000000000000E+00
   0.2080000000000E+01   0.2919239381885E+02   0.0000000000000E+00   0.2316371233449E+02   0.0000000000000E+00   0.0000000000000E+00   0.0000000000000E+00   0.7972656785315E+02   0.0000000000000E+00  -0.2255478102939E+02   0.1000000000000E+01   0.0000000000000E+00   0.0000000000000E+00   0.0000000000000E+00
   0.2090000000000E+01   0.2912131450673E+02   0.0000000000000E+00   0.2342865975094E+02   0.0000000000000E+00   0.0000000000000E+00   0.0000000000000E+00   0.8001813642204E+02   0.0000000000000E+00  -0.2232181849357E+02   0.1000000000000E+01   0.0000000000000E+00   0.0000000000000E+00   0.0000000000000E+00
   0.2100000000000E+01   0.2905020195449E+02   0.0000000000000E+00   0.2369279494406E+02   0.0000000000000E+00   0.0000000000000E+00   0.0000000000000E+00   0.8030899403248E+02   0.0000000000000E+00  -0.2208621054178E+02   0.1000000000000E+01   0.0000000000000E+00   0.0000000000000E+00   0.0000000000000E+00
   0.2110000000000E+01   0.2897905514595E+02   0.0000000000000E+00   0.2395611442088E+02   0.0000000000000E+00   0.0000000000000E+00   0.0000000000000E+00   0.8059914034693E+02   0.0000000000000E+00  -0.2184796531374E+02   0.1000000000000E+01   0.0000000000000E+00   0.0000000000000E+00   0.0000000000000E+00
   0.2120000000000E+01   0.2890787313923E+02   0.0000000000000E+00   0.2421861470340E+02   0.0000000000000E+00   0.0000000000000E+00   0.0000000000000E+00   0.8088857501806E+02   0.0000000000000E+00  -0.2160709098401E+02   0.1000000000000E+01   0.0000000000000E+00   0.0000000000000E+00   0.0000000000000E+00
   0.2130000000000E+01   0.2883665506556E+02   0.0000000000000E+00   0.2448029233050E+02   0.0000000000000E+00   0.0000000000000E+00   0.0000000000000E+00   0.8117729768948E+02   0.0000000000000E+00  -0.2136359576186E+02   0.1000000000000E+01   0.0000000000000E+00   0.0000000000000E+00   0.0000000000000E+00
   0.2140000000000E+01   0.2876540012803E+02   0.0000000000000E+00   0.2474114385988E+02   0.0000000000000E+00   0.0000000000000E+00   0.0000000000000E+00   0.8146530799648E+02   0.0000000000000E+00  -0.2111748789106E+02   0.1000000000000E+01   0.0000000000000E+00   0.0000000000000E+00   0.0000000000000E+00
   0.2150000000000E+01   0.2869410760037E+02   0.0000000000000E+00   0.2500116586999E+02   0.0000000000000E+00   0.0000000000000E+00   0.0000000000000E+00   0.8175260556674E+02   0.0000000000000E+00  -0.2086877564972E+02   0.1000000000000E+01   0.0000000000000E+00   0.0000000000000E+00   0.0000000000000E+00
   0.2160000000000E+01   0.2862277682571E+02   0.0000000000000E+00   0.2526035496176E+02   0.0000000000000E+00   0.0000000000000E+00   0.0000000000000E+00   0.8203919002099E+02   0.0000000000000E+00  -0.2061746735006E+02   0.1000000000000E+01   0.0000000000000E+00   0.0000000000000E+00   0.0000000000000E+00
   0.2170000000000E+01   0.2855140721537E+02   0.0000000000000E+00   0.2551870776049E+02   0.0000000000000E+00   0.0000000000000E+00   0.0000000000000E+00   0.8232506097379E+02   0.0000000000000E+00  -0.2036357133813E+02   0.1000000000000E+01   0.0000000000000E+00   0.0000000000000E+00   0.0000000000000E+00
   0.2180000000000E+01   0.2847999824758E+02   0.0000000000000E+00   0.2577622091746E+02   0.0000000000000E+00   0.0000000000000E+00   0.0000000000000E+00   0.8261021803410E+02   0.0000000000000E+00  -0.2010709599365E+02   0.1000000000000E+01   0.0000000000000E+00   0.0000000000000E+00   0.0000000000000E+00
   0.2190000000000E+01   0.2840854946630E+02   0.0000000000000E+00   0.2603289111169E+02   0.0000000000000E+00   0.0000000000000E+00   0.0000000000000E+00   0.8289466080602E+02   0.0000000000000E+00  -0.1984804972966E+02   0.1000000000000E+01   0.0000000000000E+00   0.0000000000000E+00   0.0000000000000E+00
   0.2200000000000E+01   0.2833706047997E+02   0.0000000000000E+00   0.2628871505153E+02   0.0000000000000E+00   0.0000000000000E+00   0.0000000000000E+00   0.8317838888941E+02   0.0000000000000E+00  -0.1958644099227E+02   0.1000000000000E+01   0.0000000000000E+00   0.0000000000000E+00   0.0000000000000E+00
   0.2210000000000E+01   0.2826553096029E+02   0.0000000000000E+00   0.2654368947623E+02   0.0000000000000E+00   0.0000000000000E+00   0.0000000000000E+00   0.8346140188050E+02   0.0000000000000E+00  -0.1932227826035E+02   0.1000000000000E+01   0.0000000000000E+00   0.0000000000000E+00   0.0000000000000E+00
   0.2220000000000E+01   0.2819396064100E+02   0.0000000000000E+00   0.2679781115749E+02   0.0000000000000E+00   0.0000000000000E+00   0.0000000000000E+00   0.8374369937261E+02   0.0000000000000E+00  -0.1905557004522E+02   0.1000000000000E+01   0.0000000000000E+00   0.0000000000000E+00   0.0000000000000E+00
   0.2230000000000E+01   0.2812234931664E+02   0.0000000000000E+00   0.2705107690094E+02   0.0000000000000E+00   0.0000000000000E+00   0.0000000000000E+00   0.8402528095664E+02   0.0000000000000E+00  -0.1878632489032E+02   0.1000000000000E+01   0.0000000000000E+00   0.0000000000000E+00   0.0000000000000E+00
   0.2240000000000E+01   0.2805069684138E+02   0.0000000000000E+00   0.2730348354753E+02   0.0000000000000E+00   0.0000000000000E+00   0.0000000000000E+00   0.8430614622176E+02   0.0000000000000E+00  -0.1851455137086E+02   0.1000000000000E+01   0.0000000000000E+00   0.0000000000000E+00   0.0000000000000E+00
   0.2250000000000E+01   0.2797900312775E+02   0.0000000000000E+00   0.2755502797499E+02   0.0000000000000E+00   0.0000000000000E+00   0.0000000000000E+00   0.8458629475600E+02   0.0000000000000E+00  -0.1824025809344E+02   0.1000000000000E+01   0.0000000000000E+00   0.0000000000000E+00   0.0000000000000E+00
   0.2260000000000E+01   0.2790726814551E+02   0.0000000000000E+00   0.2780570709908E+02   0.0000000000000E+00   0.0000000000000E+00   0.0000000000000E+00   0.8486572614675E+02   0.0000000000000E+00  -0.1796345369571E+02   0.1000000000000E+01   0.0000000000000E+00   0.0000000000000E+00   0.0000000000000E+00
   0.2270000000000E+01   0.2783549192039E+02   0.0000000000000E+00   0.2805551787497E+02   0.0000000000000E+00   0.0000000000000E+00   0.0000000000000E+00   0.8514443998142E+02   0.0000000000000E+00  -0.1768414684595E+02   0.1000000000000E+01   0.0000000000000E+00   0.0000000000000E+00   0.0000000000000E+00
   0.2280000000000E+01   0.2776367453294E+02   0.0000000000000E+00   0.2830445729841E+02   0.0000000000000E+00   0.0000000000000E+00   0.0000000000000E+00   0.8542243584795E+02   0.0000000000000E+00  -0.1740234624272E+02   0.1000000000000E+01   0.0000000000000E+00   0.0000000000000E+00   0.0000000000000E+00
   0.2290000000000E+01   0.2769181611733E+02   0.0000000000000E+00   0.2855252240700E+02   0.0000000000000E+00   0.0000000000000E+00   0.0000000000000E+00   0.8569971333532E+02   0.0000000000000E+00  -0.1711806061437E+02   0.1000000000000E+01   0.0000000000000E+00   0.0000000000000E+00   0.0000000000000E+00
   0.2300000000000E+01   0.2761991686017E+02   0.0000000000000E+00   0.2879971028131E+02   0.0000000000000E+00   0.0000000000000E+00   0.0000000000000E+00   0.8597627203415E+02   0.0000000000000E+00  -0.1683129871869E+02   0.1000000000000E+01   0.0000000000000E+00   0.0000000000000E+00   0.0000000000000E+00
   0.2310000000000E+01   0.2754797699937E+02   0.0000000000000E+00   0.2904601804598E+02   0.0000000000000E+00   0.0000000000000E+00   0.0000000000000E+00   0.8625211153717E+02   0.0000000000000E+00  -0.1654206934245E+02   0.1000000000000E+01   0.0000000000000E+00   0.0000000000000E+00   0.0000000000000E+00
   0.2320000000000E+01   0.2747599682292E+02   0.0000000000000E+00   0.2929144287084E+02   0.0000000000000E+00   0.0000000000000E+00   0.0000000000000E+00   0.8652723143975E+02   0.0000000000000E+00  -0.1625038130091E+02   0.1000000000000E+01   0.0000000000000E+00   0.0000000000000E+00   0.0000000000000E+00
   0.2330000000000E+01   0.2740397666783E+02   0.0000000000000E+00   0.2953598197190E+02   0.0000000000000E+00   0.0000000000000E+00   0.0000000000000E+00   0.8680163134036E+02   0.0000000000000E+00  -0.1595624343744E+02   0.1000000000000E+01   0.0000000000000E+00   0.0000000000000E+00   0.0000000000000E+00
   0.2340000000000E+01   0.2733191691889E+02   0.0000000000000E+00   0.2977963261234E+02   0.0000000000000E+00   0.0000000000000E+00   0.0000000000000E+00   0.8707531084112E+02   0.0000000000000E+00  -0.1565966462301E+02   0.1000000000000E+01   0.0000000000000E+00   0.0000000000000E+00   0.0000000000000E+00
   0.2350000000000E+01   0.2725981800762E+02   0.0000000000000E+00   0.3002239210350E+02   0.0000000000000E+00   0.0000000000000E+00   0.0000000000000E+00   0.8734826954819E+02   0.0000000000000E+00  -0.1536065375570E+02   0.1000000000000E+01   0.0000000000000E+00   0.0000000000000E+00   0.0000000000000E+00
   0.2360000000000E+01   0.2718768041110E+02   0.0000000000000E+00   0.3026425780572E+02   0.0000000000000E+00   0.0000000000000E+00   0.0000000000000E+00   0.8762050707232E+02   0.0000000000000E+00  -0.1505921976024E+02   0.1000000000000E+01   0.0000000000000E+00   0.0000000000000E+00   0.0000000000000E+00
   0.2370000000000E+01   0.2711550465086E+02   0.0000000000000E+00   0.3050522712925E+02   0.0000000000000E+00   0.0000000000000E+00   0.0000000000000E+00   0.8789202302920E+02   0.0000000000000E+00  -0.1475537158751E+02   0.1000000000000E+01   0.0000000000000E+00   0.0000000000000E+00   0.0000000000000E+00
   0.2380000000000E+01   0.2704329129181E+02   0.0000000000000E+00   0.3074529753506E+02   0.0000000000000E+00   0.0000000000000E+00   0.0000000000000E+00   0.8816281704000E+02   0.0000000000000E+00  -0.1444911821405E+02   0.1000000000000E+01   0.0000000000000E+00   0.0000000000000E+00   0.0000000000000E+00
   0.2390000000000E+01   0.2697104094109E+02   0.0000000000000E+00   0.3098446653563E+02   0.0000000000000E+00   0.0000000000000E+00   0.0000000000000E+00   0.8843288873173E+02   0.0000000000000E+00  -0.1414046864150E+02   0.1000000000000E+01   0.0000000000000E+00   0.0000000000000E+00   0.0000000000000E+00
   0.2400000000000E+01   0.2689875424706E+02   0.0000000000000E+00   0.3122273169572E+02   0.0000000000000E+00   0.0000000000000E+00   0.0000000000000E+00   0.8870223773767E+02   0.0000000000000E+00  -0.1382943189614E+02   0.1000000000000E+01   0.0000000000000E+00   0.0000000000000E+00   0.0000000000000E+00
   0.2410000000000E+01   0.2682643189816E+02   0.0000000000000E+00   0.3146009063305E+02   0.0000000000000E+00   0.0000000000000E+00   0.0000000000000E+00   0.8897086369782E+02   0.0000000000000E+00  -0.1351601702833E+02   0.1000000000000E+01   0.0000000000000E+00   0.0000000000000E+00   0.0000000000000E+00
   0.2420000000000E+01   0.2675407462191E+02   0.0000000000000E+00   0.3169654101899E+02   0.0000000000000E+00   0.0000000000000E+00   0.0000000000000E+00   0.8923876625921E+02   0.0000000000000E+00  -0.1320023311199E+02   0.1000000000000E+01   0.0000000000000E+00   0.0000000000000E+00   0.0000000000000E+00
   0.2430000000000E+01   0.2668168318381E+02   0.0000000000000E+00   0.3193208057920E+02   0.0000000000000E+00   0.0000000000000E+00   0.0000000000000E+00   0.8950594507638E+02   0.0000000000000E+00  -0.1288208924404E+02   0.1000000000000E+01   0.0000000000000E+00   0.0000000000000E+00   0.0000000000000E+00
   0.2440000000000E+01   0.2660925838635E+02   0.0000000000000E+00   0.3216670709426E+02   0.0000000000000E+00   0.0000000000000E+00   0.0000000000000E+00   0.8977239981169E+02   0.0000000000000E+00  -0.1256159454389E+02   0.1000000000000E+01   0.0000000000000E+00   0.0000000000000E+00   0.0000000000000E+00
   0.2450000000000E+01   0.2653680106793E+02   0.0000000000000E+00   0.3240041840019E+02   0.0000000000000E+00   0.0000000000000E+00   0.0000000000000E+00   0.9003813013570E+02   0.0000000000000E+00  -0.1223875815286E+02   0.1000000000000E+01   0.0000000000000E+00   0.0000000000000E+00   0.0000000000000E+00
   0.2460000000000E+01   0.2646431210191E+02   0.0000000000000E+00   0.3263321238902E+02   0.0000000000000E+00   0.0000000000000E+00   0.0000000000000E+00   0.9030313572755E+02   0.0000000000000E+00  -0.1191358923361E+02   0.1000000000000E+01   0.0000000000000E+00   0.0000000000000E+00   0.0000000000000E+00
   0.2470000000000E+01   0.2639179239556E+02   0.0000000000000E+00   0.3286508700930E+02   0.0000000000000E+00   0.0000000000000E+00   0.0000000000000E+00   0.9056741627527E+02   0.0000000000000E+00  -0.1158609696964E+02   0.1000000000000E+01   0.0000000000000E+00   0.0000000000000E+00   0.0000000000000E+00
   0.2480000000000E+01   0.2631924288910E+02   0.0000000000000E+00   0.3309604026655E+02   0.0000000000000E+00   0.0000000000000E+00   0.0000000000000E+00   0.9083097147612E+02   0.0000000000000E+00  -0.1125629056464E+02   0.1000000000000E+01   0.0000000000000E+00   0.0000000000000E+00   0.0000000000000E+00
   0.2490000000000E+01   0.2624666455467E+02   0.0000000000000E+00   0.3332607022368E+02   0.0000000000000E+00   0.0000000000000E+00   0.0000000000000E+00   0.9109380103695E+02   0.0000000000000E+00  -0.1092417924198E+02   0.1000000000000E+01   0.0000000000000E+00   0.0000000000000E+00   0.0000000000000E+00
   0.2500000000000E+01   0.2617405839546E+02   0.0000000000000E+00   0.3355517500146E+02   0.0000000000000E+00   0.0000000000000E+00   0.0000000000000E+00   0.9135590467447E+02   0.0000000000000E+00  -0.1058977224410E+02   0.1000000000000E+01   0.0000000000000E+00   0.0000000000000E+00   0.0000000000000E+00
   0.2510000000000E+01   0.2610142544464E+02   0.0000000000000E+00   0.3378335277883E+02   0.0000000000000E+00   0.0000000000000E+00   0.0000000000000E+00   0.9161728211556E+02   0.0000000000000E+00  -0.1025307883196E+02   0.1000000000000E+01   0.0000000000000E+00   0.0000000000000E+00   0.0000000000000E+00
   0.2520000000000E+01   0.2602876676453E+02   0.0000000000000E+00   0.3401060179330E+02   0.0000000000000E+00   0.0000000000000E+00   0.0000000000000E+00   0.9187793309759E+02   0.0000000000000E+00  -0.9914108284405E+01   0.1000000000000E+01   0.0000000000000E+00   0.0000000000000E+00   0.0000000000000E+00
   0.2530000000000E+01   0.2595608344558E+02   0.0000000000000E+00   0.3423692034120E+02   0.0000000000000E+00   0.0000000000000E+00   0.0000000000000E+00   0.9213785736871E+02   0.0000000000000E+00  -0.9572869897648E+01   0.1000000000000E+01   0.0000000000000E+00   0.0000000000000E+00   0.0000000000000E+00
   0.2540000000000E+01   0.2588337660551E+02   0.0000000000000E+00   0.3446230677804E+02   0.0000000000000E+00   0.0000000000000E+00   0.0000000000000E+00   0.9239705468810E+02   0.0000000000000E+00  -0.9229372984622E+01   0.1000000000000E+01   0.0000000000000E+00   0.0000000000000E+00   0.0000000000000E+00
   0.2550000000000E+01   0.2581064738840E+02   0.0000000000000E+00   0.3468675951873E+02   0.0000000000000E+00   0.0000000000000E+00   0.0000000000000E+00   0.9265552482623E+02   0.0000000000000E+00  -0.8883626874411E+01   0.1000000000000E+01   0.0000000000000E+00   0.0000000000000E+00   0.0000000000000E+00
   0.2560000000000E+01   0.2573789696375E+02   0.0000000000000E+00   0.3491027703780E+02   0.0000000000000E+00   0.0000000000000E+00   0.0000000000000E+00   0.9291326756517E+02   0.0000000000000E+00  -0.8535640911656E+01   0.1000000000000E+01   0.0000000000000E+00   0.0000000000000E+00   0.0000000000000E+00
   0.2570000000000E+01   0.2566512652567E+02   0.0000000000000E+00   0.3513285786964E+02   0.0000000000000E+00   0.0000000000000E+00   0.0000000000000E+00   0.9317028269880E+02   0.0000000000000E+00  -0.8185424455949E+01   0.1000000000000E+01   0.0000000000000E+00   0.0000000000000E+00   0.0000000000000E+00
   0.2580000000000E+01   0.2559233729197E+02   0.0000000000000E+00   0.3535450060866E+02   0.0000000000000E+00   0.0000000000000E+00   0.0000000000000E+00   0.9342657003303E+02   0.0000000000000E+00  -0.7832986881242E+01   0.1000000000000E+01   0.0000000000000E+00   0.0000000000000E+00   0.0000000000000E+00
   0.2590000000000E+01   0.2551953050332E+02   0.0000000000000E+00   0.3557520390942E+02   0.0000000000000E+00   0.0000000000000E+00   0.0000000000000E+00   0.9368212938612E+02   0.0000000000000E+00  -0.7478337575241E+01   0.1000000000000E+01   0.0000000000000E+00   0.0000000000000E+00   0.0000000000000E+00
   0.2600000000000E+01   0.2544670742241E+02   0.0000000000000E+00   0.3579496648680E+02   0.0000000000000E+00   0.0000000000000E+00   0.0000000000000E+00   0.9393696058879E+02   0.0000000000000E+00  -0.7121485938802E+01   0.1000000000000E+01   0.0000000000000E+00   0.0000000000000E+00   0.0000000000000E+00
   0.2610000000000E+01   0.2537386933309E+02   0.0000000000000E+00   0.3601378711608E+02   0.0000000000000E+00   0.0000000000000E+00   0.0000000000000E+00   0.9419106348454E+02   0.0000000000000E+00  -0.6762441385335E+01   0.1000000000000E+01   0.0000000000000E+00   0.0000000000000E+00   0.0000000000000E+00
   0.2620000000000E+01   0.2530101753961E+02   0.0000000000000E+00   0.3623166463300E+02   0.0000000000000E+00   0.0000000000000E+00   0.0000000000000E+00   0.9444443792977E+02   0.0000000000000E+00  -0.6401213340192E+01   0.1000000000000E+01   0.0000000000000E+00   0.0000000000000E+00   0.0000000000000E+00
   0.2630000000000E+01   0.2522815336576E+02   0.0000000000000E+00   0.3644859793385E+02   0.0000000000000E+00   0.0000000000000E+00   0.0000000000000E+00   0.9469708379406E+02   0.0000000000000E+00  -0.6037811240065E+01   0.1000000000000E+01   0.0000000000000E+00   0.0000000000000E+00   0.0000000000000E+00
   0.2640000000000E+01   0.2515527815413E+02   0.0000000000000E+00   0.3666458597547E+02   0.0000000000000E+00   0.0000000000000E+00   0.0000000000000E+00   0.9494900096030E+02   0.0000000000000E+00  -0.5672244532382E+01   0.1000000000000E+01   0.0000000000000E+00   0.0000000000000E+00   0.0000000000000E+00
   0.2650000000000E+01   0.2508239326527E+02   0.0000000000000E+00   0.3687962777528E+02   0.0000000000000E+00   0.0000000000000E+00   0.0000000000000E+00   0.9520018932489E+02   0.0000000000000E+00  -0.5304522674698E+01   0.1000000000000E+01   0.0000000000000E+00   0.0000000000000E+00   0.0000000000000E+00
   0.2660000000000E+01   0.2500950007699E+02   0.0000000000000E+00   0.3709372241126E+02   0.0000000000000E+00   0.0000000000000E+00   0.0000000000000E+00   0.9545064879794E+02   0.0000000000000E+00  -0.4934655134092E+01   0.1000000000000E+01   0.0000000000000E+00   0.0000000000000E+00   0.0000000000000E+00
   0.2670000000000E+01   0.2493659998353E+02   0.0000000000000E+00   0.3730686902192E+02   0.0000000000000E+00   0.0000000000000E+00   0.0000000000000E+00   0.9570037930341E+02   0.0000000000000E+00  -0.4562651386561E+01   0.1000000000000E+01   0.0000000000000E+00   0.0000000000000E+00   0.0000000000000E+00
   0.2680000000000E+01   0.2486369439491E+02   0.0000000000000E+00   0.3751906680624E+02   0.0000000000000E+00   0.0000000000000E+00   0.0000000000000E+00   0.9594938077929E+02   0.0000000000000E+00  -0.4188520916412E+01   0.1000000000000E+01   0.0000000000000E+00   0.0000000000000E+00   0.0000000000000E+00
   0.2690000000000E+01   0.2479078473609E+02   0.0000000000000E+00   0.3773031502358E+02   0.0000000000000E+00   0.0000000000000E+00   0.0000000000000E+00   0.9619765317774E+02   0.0000000000000E+00  -0.3812273215662E+01   0.1000000000000E+01   0.0000000000000E+00   0.0000000000000E+00   0.0000000000000E+00
   0.2700000000000E+01   0.2471787244636E+02   0.0000000000000E+00   0.3794061299361E+02   0.0000000000000E+00   0.0000000000000E+00   0.0000000000000E+00   0.9644519646524E+02   0.0000000000000E+00  -0.3433917783434E+01   0.1000000000000E+01   0.0000000000000E+00   0.0000000000000E+00   0.0000000000000E+00
   0.2710000000000E+01   0.2464495897854E+02   0.0000000000000E+00   0.3814996009619E+02   0.0000000000000E+00   0.0000000000000E+00   0.0000000000000E+00   0.9669201062274E+02   0.0000000000000E+00  -0.3053464125351E+01   0.1000000000000E+01   0.0000000000000E+00   0.0000000000000E+00   0.0000000000000E+00
   0.2720000000000E+01   0.2457204579836E+02   0.0000000000000E+00   0.3835835577122E+02   0.0000000000000E+00   0.0000000000000E+00   0.0000000000000E+00   0.9693809564577E+02   0.0000000000000E+00  -0.2670921752938E+01   0.1000000000000E+01   0.0000000000000E+00   0.0000000000000E+00   0.0000000000000E+00
   0.2730000000000E+01   0.2449913438372E+02   0.0000000000000E+00   0.3856579951853E+02   0.0000000000000E+00   0.0000000000000E+00   0.0000000000000E+00   0.9718345154459E+02   0.0000000000000E+00  -0.2286300183022E+01   0.1000000000000E+01   0.0000000000000E+00   0.0000000000000E+00   0.0000000000000E+00
   0.2740000000000E+01   0.2442622622407E+02   0.0000000000000E+00   0.3877229089764E+02   0.0000000000000E+00   0.0000000000000E+00   0.0000000000000E+00   0.9742807834430E+02   0.0000000000000E+00  -0.1899608937131E+01   0.1000000000000E+01   0.0000000000000E+00   0.0000000000000E+00   0.0000000000000E+00
   0.2750000000000E+01   0.2435332281969E+02   0.0000000000000E+00   0.3897782952766E+02   0.0000000000000E+00   0.0000000000000E+00   0.0000000000000E+00   0.9767197608492E+02   0.0000000000000E+00  -0.1510857540902E+01   0.1000000000000E+01   0.0000000000000E+00   0.0000000000000E+00   0.0000000000000E+00
   0.2760000000000E+01   0.2428042568111E+02   0.0000000000000E+00   0.3918241508701E+02   0.0000000000000E+00   0.0000000000000E+00   0.0000000000000E+00   0.9791514482158E+02   0.0000000000000E+00  -0.1120055523483E+01   0.1000000000000E+01   0.0000000000000E+00   0.0000000000000E+00   0.0000000000000E+00
   0.2770000000000E+01   0.2420753632843E+02   0.0000000000000E+00   0.3938604731325E+02   0.0000000000000E+00   0.0000000000000E+00   0.0000000000000E+00   0.9815758462450E+02   0.0000000000000E+00  -0.7272124169418E+00   0.1000000000000E+01   0.0000000000000E+00   0.0000000000000E+00   0.0000000000000E+00
   0.2780000000000E+01   0.2413465629071E+02   0.0000000000000E+00   0.3958872600282E+02   0.0000000000000E+00   0.0000000000000E+00   0.0000000000000E+00   0.9839929557920E+02   0.0000000000000E+00  -0.3323377556762E+00   0.1000000000000E+01   0.0000000000000E+00   0.0000000000000E+00   0.0000000000000E+00
   0.2790000000000E+01   0.2406178712799E+02   0.0000000000000E+00   0.3979045104827E+02   0.0000000000000E+00   0.0000000000000E+00   0.0000000000000E+00   0.9864027778649E+02   0.0000000000000E+00   0.6455892417358E-01   0.1000000000000E+01   0.0000000000000E+00   0.0000000000000E+00   0.0000000000000E+00
