         t[s]                   u[ft/s]               v[ft/s]                 w[ft/s]                p[rad/s]             q[rad/s]            r[rad/s]                x[ft]                  y[ft]                  z[ft]                    e0                   ex                      ey                   ez
   0.0000000000000E+00   0.3535530000000E+02   0.0000000000000E+00  -0.3535530000000E+02   0.0000000000000E+00   0.0000000000000E+00   0.0000000000000E+00   0.0000000000000E+00   0.0000000000000E+00  -0.1000000000000E+01   0.1000000000000E+01   0.0000000000000E+00   0.0000000000000E+00   0.0000000000000E+00
   0.1000000000000E-01   0.3524094019402E+02   0.0000000000000E+00  -0.3491971970783E+02   0.0000000000000E+00   0.0000000000000E+00   0.0000000000000E+00   0.3529801596062E+00   0.0000000000000E+00  -0.1351373193246E+01   0.1000000000000E+01   0.0000000000000E+00   0.0000000000000E+00   0.0000000000000E+00
   0.2000000000000E-01   0.3512782120240E+02   0.0000000000000E+00  -0.3448640734436E+02   0.0000000000000E+00   0.0000000000000E+00   0.0000000000000E+00   0.7048229398854E+00   0.0000000000000E+00  -0.1698401953829E+01   0.1000000000000E+01   0.0000000000000E+00   0.0000000000000E+00   0.0000000000000E+00
   0.3000000000000E-01   0.3501592557079E+02   0.0000000000000E+00  -0.3405532648627E+02   0.0000000000000E+00   0.0000000000000E+00   0.0000000000000E+00   0.1055540661479E+01   0.0000000000000E+00  -0.2041108778396E+01   0.1000000000000E+01   0.0000000000000E+00   0.0000000000000E+00   0.0000000000000E+00
   0.4000000000000E-01   0.3490523611753E+02   0.0000000000000E+00  -0.3362644133144E+02   0.0000000000000E+00   0.0000000000000E+00   0.0000000000000E+00   0.1405145471855E+01   0.0000000000000E+00  -0.2379515802479E+01   0.1000000000000E+01   0.0000000000000E+00   0.0000000000000E+00   0.0000000000000E+00
   0.5000000000000E-01   0.3479573592666E+02   0.0000000000000E+00  -0.3319971668581E+02   0.0000000000000E+00   0.0000000000000E+00   0.0000000000000E+00   0.1753649347998E+01   0.0000000000000E+00  -0.2713644806638E+01   0.1000000000000E+01   0.0000000000000E+00   0.0000000000000E+00   0.0000000000000E+00
   0.6000000000000E-01   0.3468740834105E+02   0.0000000000000E+00  -0.3277511795078E+02   0.0000000000000E+00   0.0000000000000E+00   0.0000000000000E+00   0.2101064099034E+01   0.0000000000000E+00  -0.3043517222482E+01   0.1000000000000E+01   0.0000000000000E+00   0.0000000000000E+00   0.0000000000000E+00
   0.7000000000000E-01   0.3458023695571E+02   0.0000000000000E+00  -0.3235261111086E+02   0.0000000000000E+00   0.0000000000000E+00   0.0000000000000E+00   0.2447401368783E+01   0.0000000000000E+00  -0.3369154138557E+01   0.1000000000000E+01   0.0000000000000E+00   0.0000000000000E+00   0.0000000000000E+00
   0.8000000000000E-01   0.3447420561124E+02   0.0000000000000E+00  -0.3193216272172E+02   0.0000000000000E+00   0.0000000000000E+00   0.0000000000000E+00   0.2792672638248E+01   0.0000000000000E+00  -0.3690576306123E+01   0.1000000000000E+01   0.0000000000000E+00   0.0000000000000E+00   0.0000000000000E+00
   0.9000000000000E-01   0.3436929838748E+02   0.0000000000000E+00  -0.3151373989858E+02   0.0000000000000E+00   0.0000000000000E+00   0.0000000000000E+00   0.3136889228041E+01   0.0000000000000E+00  -0.4007804144801E+01   0.1000000000000E+01   0.0000000000000E+00   0.0000000000000E+00   0.0000000000000E+00
   0.1000000000000E+00   0.3426549959721E+02   0.0000000000000E+00  -0.3109731030501E+02   0.0000000000000E+00   0.0000000000000E+00   0.0000000000000E+00   0.3480062300742E+01   0.0000000000000E+00  -0.4320857748117E+01   0.1000000000000E+01   0.0000000000000E+00   0.0000000000000E+00   0.0000000000000E+00
   0.1100000000000E+00   0.3416279378014E+02   0.0000000000000E+00  -0.3068284214195E+02   0.0000000000000E+00   0.0000000000000E+00   0.0000000000000E+00   0.3822202863196E+01   0.0000000000000E+00  -0.4629756888929E+01   0.1000000000000E+01   0.0000000000000E+00   0.0000000000000E+00   0.0000000000000E+00
   0.1200000000000E+00   0.3406116569686E+02   0.0000000000000E+00  -0.3027030413713E+02   0.0000000000000E+00   0.0000000000000E+00   0.0000000000000E+00   0.4163321768758E+01   0.0000000000000E+00  -0.4934521024745E+01   0.1000000000000E+01   0.0000000000000E+00   0.0000000000000E+00   0.0000000000000E+00
   0.1300000000000E+00   0.3396060032311E+02   0.0000000000000E+00  -0.2985966553482E+02   0.0000000000000E+00   0.0000000000000E+00   0.0000000000000E+00   0.4503429719467E+01   0.0000000000000E+00  -0.5235169302943E+01   0.1000000000000E+01   0.0000000000000E+00   0.0000000000000E+00   0.0000000000000E+00
   0.1400000000000E+00   0.3386108284402E+02   0.0000000000000E+00  -0.2945089608579E+02   0.0000000000000E+00   0.0000000000000E+00   0.0000000000000E+00   0.4842537268171E+01   0.0000000000000E+00  -0.5531720565883E+01   0.1000000000000E+01   0.0000000000000E+00   0.0000000000000E+00   0.0000000000000E+00
   0.1500000000000E+00   0.3376259864859E+02   0.0000000000000E+00  -0.2904396603773E+02   0.0000000000000E+00   0.0000000000000E+00   0.0000000000000E+00   0.5180654820596E+01   0.0000000000000E+00  -0.5824193355927E+01   0.1000000000000E+01   0.0000000000000E+00   0.0000000000000E+00   0.0000000000000E+00
   0.1600000000000E+00   0.3366513332422E+02   0.0000000000000E+00  -0.2863884612579E+02   0.0000000000000E+00   0.0000000000000E+00   0.0000000000000E+00   0.5517792637351E+01   0.0000000000000E+00  -0.6112605920358E+01   0.1000000000000E+01   0.0000000000000E+00   0.0000000000000E+00   0.0000000000000E+00
   0.1700000000000E+00   0.3356867265144E+02   0.0000000000000E+00  -0.2823550756355E+02   0.0000000000000E+00   0.0000000000000E+00   0.0000000000000E+00   0.5853960835891E+01   0.0000000000000E+00  -0.6396976216210E+01   0.1000000000000E+01   0.0000000000000E+00   0.0000000000000E+00   0.0000000000000E+00
   0.1800000000000E+00   0.3347320259863E+02   0.0000000000000E+00  -0.2783392203415E+02   0.0000000000000E+00   0.0000000000000E+00   0.0000000000000E+00   0.6189169392419E+01   0.0000000000000E+00  -0.6677321915008E+01   0.1000000000000E+01   0.0000000000000E+00   0.0000000000000E+00   0.0000000000000E+00
   0.1900000000000E+00   0.3337870931700E+02   0.0000000000000E+00  -0.2743406168181E+02   0.0000000000000E+00   0.0000000000000E+00   0.0000000000000E+00   0.6523428143741E+01   0.0000000000000E+00  -0.6953660407421E+01   0.1000000000000E+01   0.0000000000000E+00   0.0000000000000E+00   0.0000000000000E+00
   0.2000000000000E+00   0.3328517913560E+02   0.0000000000000E+00  -0.2703589910353E+02   0.0000000000000E+00   0.0000000000000E+00   0.0000000000000E+00   0.6856746789068E+01   0.0000000000000E+00  -0.7226008807830E+01   0.1000000000000E+01   0.0000000000000E+00   0.0000000000000E+00   0.0000000000000E+00
   0.2100000000000E+00   0.3319259855641E+02   0.0000000000000E+00  -0.2663940734106E+02   0.0000000000000E+00   0.0000000000000E+00   0.0000000000000E+00   0.7189134891769E+01   0.0000000000000E+00  -0.7494383958817E+01   0.1000000000000E+01   0.0000000000000E+00   0.0000000000000E+00   0.0000000000000E+00
   0.2200000000000E+00   0.3310095424962E+02   0.0000000000000E+00  -0.2624455987318E+02   0.0000000000000E+00   0.0000000000000E+00   0.0000000000000E+00   0.7520601881079E+01   0.0000000000000E+00  -0.7758802435574E+01   0.1000000000000E+01   0.0000000000000E+00   0.0000000000000E+00   0.0000000000000E+00
   0.2300000000000E+00   0.3301023304896E+02   0.0000000000000E+00  -0.2585133060817E+02   0.0000000000000E+00   0.0000000000000E+00   0.0000000000000E+00   0.7851157053758E+01   0.0000000000000E+00  -0.8019280550232E+01   0.1000000000000E+01   0.0000000000000E+00   0.0000000000000E+00   0.0000000000000E+00
   0.2400000000000E+00   0.3292042194714E+02   0.0000000000000E+00  -0.2545969387654E+02   0.0000000000000E+00   0.0000000000000E+00   0.0000000000000E+00   0.8180809575699E+01   0.0000000000000E+00  -0.8275834356124E+01   0.1000000000000E+01   0.0000000000000E+00   0.0000000000000E+00   0.0000000000000E+00
   0.2500000000000E+00   0.3283150809137E+02   0.0000000000000E+00  -0.2506962442402E+02   0.0000000000000E+00   0.0000000000000E+00   0.0000000000000E+00   0.8509568483499E+01   0.0000000000000E+00  -0.8528479651970E+01   0.1000000000000E+01   0.0000000000000E+00   0.0000000000000E+00   0.0000000000000E+00
   0.2600000000000E+00   0.3274347877900E+02   0.0000000000000E+00  -0.2468109740474E+02   0.0000000000000E+00   0.0000000000000E+00   0.0000000000000E+00   0.8837442685983E+01   0.0000000000000E+00  -0.8777231985994E+01   0.1000000000000E+01   0.0000000000000E+00   0.0000000000000E+00   0.0000000000000E+00
   0.2700000000000E+00   0.3265632145330E+02   0.0000000000000E+00  -0.2429408837470E+02   0.0000000000000E+00   0.0000000000000E+00   0.0000000000000E+00   0.9164440965680E+01   0.0000000000000E+00  -0.9022106659975E+01   0.1000000000000E+01   0.0000000000000E+00   0.0000000000000E+00   0.0000000000000E+00
   0.2800000000000E+00   0.3257002369919E+02   0.0000000000000E+00  -0.2390857328540E+02   0.0000000000000E+00   0.0000000000000E+00   0.0000000000000E+00   0.9490571980267E+01   0.0000000000000E+00  -0.9263118733237E+01   0.1000000000000E+01   0.0000000000000E+00   0.0000000000000E+00   0.0000000000000E+00
   0.2900000000000E+00   0.3248457323924E+02   0.0000000000000E+00  -0.2352452847771E+02   0.0000000000000E+00   0.0000000000000E+00   0.0000000000000E+00   0.9815844263959E+01   0.0000000000000E+00  -0.9500283026569E+01   0.1000000000000E+01   0.0000000000000E+00   0.0000000000000E+00   0.0000000000000E+00
   0.3000000000000E+00   0.3239995792963E+02   0.0000000000000E+00  -0.2314193067597E+02   0.0000000000000E+00   0.0000000000000E+00   0.0000000000000E+00   0.1014026622887E+02   0.0000000000000E+00  -0.9733614126092E+01   0.1000000000000E+01   0.0000000000000E+00   0.0000000000000E+00   0.0000000000000E+00
   0.3100000000000E+00   0.3231616575622E+02   0.0000000000000E+00  -0.2276075698229E+02   0.0000000000000E+00   0.0000000000000E+00   0.0000000000000E+00   0.1046384616632E+02   0.0000000000000E+00  -0.9963126387064E+01   0.1000000000000E+01   0.0000000000000E+00   0.0000000000000E+00   0.0000000000000E+00
   0.3200000000000E+00   0.3223318483080E+02   0.0000000000000E+00  -0.2238098487106E+02   0.0000000000000E+00   0.0000000000000E+00   0.0000000000000E+00   0.1078659224813E+02   0.0000000000000E+00  -0.1018883393763E+02   0.1000000000000E+01   0.0000000000000E+00   0.0000000000000E+00   0.0000000000000E+00
   0.3300000000000E+00   0.3215100338726E+02   0.0000000000000E+00  -0.2200259218364E+02   0.0000000000000E+00   0.0000000000000E+00   0.0000000000000E+00   0.1110851252786E+02   0.0000000000000E+00  -0.1041075068252E+02   0.1000000000000E+01   0.0000000000000E+00   0.0000000000000E+00   0.0000000000000E+00
   0.3400000000000E+00   0.3206960977802E+02   0.0000000000000E+00  -0.2162555712324E+02   0.0000000000000E+00   0.0000000000000E+00   0.0000000000000E+00   0.1142961494198E+02   0.0000000000000E+00  -0.1062889030668E+02   0.1000000000000E+01   0.0000000000000E+00   0.0000000000000E+00   0.0000000000000E+00
   0.3500000000000E+00   0.3198899247041E+02   0.0000000000000E+00  -0.2124985825009E+02   0.0000000000000E+00   0.0000000000000E+00   0.0000000000000E+00   0.1174990731108E+02   0.0000000000000E+00  -0.1084326627889E+02   0.1000000000000E+01   0.0000000000000E+00   0.0000000000000E+00   0.0000000000000E+00
   0.3600000000000E+00   0.3190914004320E+02   0.0000000000000E+00  -0.2087547447663E+02   0.0000000000000E+00   0.0000000000000E+00   0.0000000000000E+00   0.1206939734097E+02   0.0000000000000E+00  -0.1105389185530E+02   0.1000000000000E+01   0.0000000000000E+00   0.0000000000000E+00   0.0000000000000E+00
   0.3700000000000E+00   0.3183004118319E+02   0.0000000000000E+00  -0.2050238506304E+02   0.0000000000000E+00   0.0000000000000E+00   0.0000000000000E+00   0.1238809262382E+02   0.0000000000000E+00  -0.1126078008291E+02   0.1000000000000E+01   0.0000000000000E+00   0.0000000000000E+00   0.0000000000000E+00
   0.3800000000000E+00   0.3175168468190E+02   0.0000000000000E+00  -0.2013056961289E+02   0.0000000000000E+00   0.0000000000000E+00   0.0000000000000E+00   0.1270600063915E+02   0.0000000000000E+00  -0.1146394380306E+02   0.1000000000000E+01   0.0000000000000E+00   0.0000000000000E+00   0.0000000000000E+00
   0.3900000000000E+00   0.3167405943232E+02   0.0000000000000E+00  -0.1976000806894E+02   0.0000000000000E+00   0.0000000000000E+00   0.0000000000000E+00   0.1302312875494E+02   0.0000000000000E+00  -0.1166339565481E+02   0.1000000000000E+01   0.0000000000000E+00   0.0000000000000E+00   0.0000000000000E+00
   0.4000000000000E+00   0.3159715442575E+02   0.0000000000000E+00  -0.1939068070916E+02   0.0000000000000E+00   0.0000000000000E+00   0.0000000000000E+00   0.1333948422859E+02   0.0000000000000E+00  -0.1185914807834E+02   0.1000000000000E+01   0.0000000000000E+00   0.0000000000000E+00   0.0000000000000E+00
   0.4100000000000E+00   0.3152095874871E+02   0.0000000000000E+00  -0.1902256814291E+02   0.0000000000000E+00   0.0000000000000E+00   0.0000000000000E+00   0.1365507420788E+02   0.0000000000000E+00  -0.1205121331826E+02   0.1000000000000E+01   0.0000000000000E+00   0.0000000000000E+00   0.0000000000000E+00
   0.4200000000000E+00   0.3144546157995E+02   0.0000000000000E+00  -0.1865565130728E+02   0.0000000000000E+00   0.0000000000000E+00   0.0000000000000E+00   0.1396990573192E+02   0.0000000000000E+00  -0.1223960342692E+02   0.1000000000000E+01   0.0000000000000E+00   0.0000000000000E+00   0.0000000000000E+00
   0.4300000000000E+00   0.3137065218754E+02   0.0000000000000E+00  -0.1828991146358E+02   0.0000000000000E+00   0.0000000000000E+00   0.0000000000000E+00   0.1428398573205E+02   0.0000000000000E+00  -0.1242433026767E+02   0.1000000000000E+01   0.0000000000000E+00   0.0000000000000E+00   0.0000000000000E+00
   0.4400000000000E+00   0.3129651992601E+02   0.0000000000000E+00  -0.1792533019404E+02   0.0000000000000E+00   0.0000000000000E+00   0.0000000000000E+00   0.1459732103276E+02   0.0000000000000E+00  -0.1260540551806E+02   0.1000000000000E+01   0.0000000000000E+00   0.0000000000000E+00   0.0000000000000E+00
   0.4500000000000E+00   0.3122305423360E+02   0.0000000000000E+00  -0.1756188939859E+02   0.0000000000000E+00   0.0000000000000E+00   0.0000000000000E+00   0.1490991835246E+02   0.0000000000000E+00  -0.1278284067309E+02   0.1000000000000E+01   0.0000000000000E+00   0.0000000000000E+00   0.0000000000000E+00
   0.4600000000000E+00   0.3115024462960E+02   0.0000000000000E+00  -0.1719957129188E+02   0.0000000000000E+00   0.0000000000000E+00   0.0000000000000E+00   0.1522178430438E+02   0.0000000000000E+00  -0.1295664704829E+02   0.1000000000000E+01   0.0000000000000E+00   0.0000000000000E+00   0.0000000000000E+00
   0.4700000000000E+00   0.3107808071172E+02   0.0000000000000E+00  -0.1683835840038E+02   0.0000000000000E+00   0.0000000000000E+00   0.0000000000000E+00   0.1553292539733E+02   0.0000000000000E+00  -0.1312683578293E+02   0.1000000000000E+01   0.0000000000000E+00   0.0000000000000E+00   0.0000000000000E+00
   0.4800000000000E+00   0.3100655215360E+02   0.0000000000000E+00  -0.1647823355967E+02   0.0000000000000E+00   0.0000000000000E+00   0.0000000000000E+00   0.1584334803647E+02   0.0000000000000E+00  -0.1329341784309E+02   0.1000000000000E+01   0.0000000000000E+00   0.0000000000000E+00   0.0000000000000E+00
   0.4900000000000E+00   0.3093564870237E+02   0.0000000000000E+00  -0.1611917991183E+02   0.0000000000000E+00   0.0000000000000E+00   0.0000000000000E+00   0.1615305852408E+02   0.0000000000000E+00  -0.1345640402473E+02   0.1000000000000E+01   0.0000000000000E+00   0.0000000000000E+00   0.0000000000000E+00
   0.5000000000000E+00   0.3086536017631E+02   0.0000000000000E+00  -0.1576118090304E+02   0.0000000000000E+00   0.0000000000000E+00   0.0000000000000E+00   0.1646206306026E+02   0.0000000000000E+00  -0.1361580495675E+02   0.1000000000000E+01   0.0000000000000E+00   0.0000000000000E+00   0.0000000000000E+00
   0.5100000000000E+00   0.3079567646256E+02   0.0000000000000E+00  -0.1540422028121E+02   0.0000000000000E+00   0.0000000000000E+00   0.0000000000000E+00   0.1677036774364E+02   0.0000000000000E+00  -0.1377163110404E+02   0.1000000000000E+01   0.0000000000000E+00   0.0000000000000E+00   0.0000000000000E+00
   0.5200000000000E+00   0.3072658751497E+02   0.0000000000000E+00  -0.1504828209385E+02   0.0000000000000E+00   0.0000000000000E+00   0.0000000000000E+00   0.1707797857206E+02   0.0000000000000E+00  -0.1392389277045E+02   0.1000000000000E+01   0.0000000000000E+00   0.0000000000000E+00   0.0000000000000E+00
   0.5300000000000E+00   0.3065808335199E+02   0.0000000000000E+00  -0.1469335068601E+02   0.0000000000000E+00   0.0000000000000E+00   0.0000000000000E+00   0.1738490144321E+02   0.0000000000000E+00  -0.1407260010181E+02   0.1000000000000E+01   0.0000000000000E+00   0.0000000000000E+00   0.0000000000000E+00
   0.5400000000000E+00   0.3059015405466E+02   0.0000000000000E+00  -0.1433941069832E+02   0.0000000000000E+00   0.0000000000000E+00   0.0000000000000E+00   0.1769114215531E+02   0.0000000000000E+00  -0.1421776308886E+02   0.1000000000000E+01   0.0000000000000E+00   0.0000000000000E+00   0.0000000000000E+00
   0.5500000000000E+00   0.3052278976471E+02   0.0000000000000E+00  -0.1398644706525E+02   0.0000000000000E+00   0.0000000000000E+00   0.0000000000000E+00   0.1799670640766E+02   0.0000000000000E+00  -0.1435939157025E+02   0.1000000000000E+01   0.0000000000000E+00   0.0000000000000E+00   0.0000000000000E+00
   0.5600000000000E+00   0.3045598068267E+02   0.0000000000000E+00  -0.1363444501333E+02   0.0000000000000E+00   0.0000000000000E+00   0.0000000000000E+00   0.1830159980129E+02   0.0000000000000E+00  -0.1449749523540E+02   0.1000000000000E+01   0.0000000000000E+00   0.0000000000000E+00   0.0000000000000E+00
   0.5700000000000E+00   0.3038971706621E+02   0.0000000000000E+00  -0.1328339005966E+02   0.0000000000000E+00   0.0000000000000E+00   0.0000000000000E+00   0.1860582783952E+02   0.0000000000000E+00  -0.1463208362747E+02   0.1000000000000E+01   0.0000000000000E+00   0.0000000000000E+00   0.0000000000000E+00
   0.5800000000000E+00   0.3032398922840E+02   0.0000000000000E+00  -0.1293326801035E+02   0.0000000000000E+00   0.0000000000000E+00   0.0000000000000E+00   0.1890939592853E+02   0.0000000000000E+00  -0.1476316614623E+02   0.1000000000000E+01   0.0000000000000E+00   0.0000000000000E+00   0.0000000000000E+00
   0.5900000000000E+00   0.3025878753622E+02   0.0000000000000E+00  -0.1258406495923E+02   0.0000000000000E+00   0.0000000000000E+00   0.0000000000000E+00   0.1921230937790E+02   0.0000000000000E+00  -0.1489075205097E+02   0.1000000000000E+01   0.0000000000000E+00   0.0000000000000E+00   0.0000000000000E+00
   0.6000000000000E+00   0.3019410240905E+02   0.0000000000000E+00  -0.1223576728652E+02   0.0000000000000E+00   0.0000000000000E+00   0.0000000000000E+00   0.1951457340113E+02   0.0000000000000E+00  -0.1501485046331E+02   0.1000000000000E+01   0.0000000000000E+00   0.0000000000000E+00   0.0000000000000E+00
   0.6100000000000E+00   0.3012992431732E+02   0.0000000000000E+00  -0.1188836165766E+02   0.0000000000000E+00   0.0000000000000E+00   0.0000000000000E+00   0.1981619311619E+02   0.0000000000000E+00  -0.1513547037014E+02   0.1000000000000E+01   0.0000000000000E+00   0.0000000000000E+00   0.0000000000000E+00
   0.6200000000000E+00   0.3006624378120E+02   0.0000000000000E+00  -0.1154183502224E+02   0.0000000000000E+00   0.0000000000000E+00   0.0000000000000E+00   0.2011717354599E+02   0.0000000000000E+00  -0.1525262062640E+02   0.1000000000000E+01   0.0000000000000E+00   0.0000000000000E+00   0.0000000000000E+00
   0.6300000000000E+00   0.3000305136943E+02   0.0000000000000E+00  -0.1119617461298E+02   0.0000000000000E+00   0.0000000000000E+00   0.0000000000000E+00   0.2041751961889E+02   0.0000000000000E+00  -0.1536630995796E+02   0.1000000000000E+01   0.0000000000000E+00   0.0000000000000E+00   0.0000000000000E+00
   0.6400000000000E+00   0.2994033769826E+02   0.0000000000000E+00  -0.1085136794480E+02   0.0000000000000E+00   0.0000000000000E+00   0.0000000000000E+00   0.2071723616918E+02   0.0000000000000E+00  -0.1547654696443E+02   0.1000000000000E+01   0.0000000000000E+00   0.0000000000000E+00   0.0000000000000E+00
   0.6500000000000E+00   0.2987809343041E+02   0.0000000000000E+00  -0.1050740281394E+02   0.0000000000000E+00   0.0000000000000E+00   0.0000000000000E+00   0.2101632793753E+02   0.0000000000000E+00  -0.1558334012195E+02   0.1000000000000E+01   0.0000000000000E+00   0.0000000000000E+00   0.0000000000000E+00
   0.6600000000000E+00   0.2981630927423E+02   0.0000000000000E+00  -0.1016426729723E+02   0.0000000000000E+00   0.0000000000000E+00   0.0000000000000E+00   0.2131479957149E+02   0.0000000000000E+00  -0.1568669778605E+02   0.1000000000000E+01   0.0000000000000E+00   0.0000000000000E+00   0.0000000000000E+00
   0.6700000000000E+00   0.2975497598288E+02   0.0000000000000E+00  -0.9821949751293E+01   0.0000000000000E+00   0.0000000000000E+00   0.0000000000000E+00   0.2161265562589E+02   0.0000000000000E+00  -0.1578662819442E+02   0.1000000000000E+01   0.0000000000000E+00   0.0000000000000E+00   0.0000000000000E+00
   0.6800000000000E+00   0.2969408435363E+02   0.0000000000000E+00  -0.9480438811912E+01   0.0000000000000E+00   0.0000000000000E+00   0.0000000000000E+00   0.2190990056335E+02   0.0000000000000E+00  -0.1588313946973E+02   0.1000000000000E+01   0.0000000000000E+00   0.0000000000000E+00   0.0000000000000E+00
   0.6900000000000E+00   0.2963362522732E+02   0.0000000000000E+00  -0.9139723393409E+01   0.0000000000000E+00   0.0000000000000E+00   0.0000000000000E+00   0.2220653875464E+02   0.0000000000000E+00  -0.1597623962236E+02   0.1000000000000E+01   0.0000000000000E+00   0.0000000000000E+00   0.0000000000000E+00
   0.7000000000000E+00   0.2957358948782E+02   0.0000000000000E+00  -0.8799792688056E+01   0.0000000000000E+00   0.0000000000000E+00   0.0000000000000E+00   0.2250257447918E+02   0.0000000000000E+00  -0.1606593655327E+02   0.1000000000000E+01   0.0000000000000E+00   0.0000000000000E+00   0.0000000000000E+00
   0.7100000000000E+00   0.2951396806167E+02   0.0000000000000E+00  -0.8460636165543E+01   0.0000000000000E+00   0.0000000000000E+00   0.0000000000000E+00   0.2279801192543E+02   0.0000000000000E+00  -0.1615223805669E+02   0.1000000000000E+01   0.0000000000000E+00   0.0000000000000E+00   0.0000000000000E+00
   0.7200000000000E+00   0.2945475191782E+02   0.0000000000000E+00  -0.8122243572474E+01   0.0000000000000E+00   0.0000000000000E+00   0.0000000000000E+00   0.2309285519135E+02   0.0000000000000E+00  -0.1623515182297E+02   0.1000000000000E+01   0.0000000000000E+00   0.0000000000000E+00   0.0000000000000E+00
   0.7300000000000E+00   0.2939593206741E+02   0.0000000000000E+00  -0.7784604931881E+01   0.0000000000000E+00   0.0000000000000E+00   0.0000000000000E+00   0.2338710828476E+02   0.0000000000000E+00  -0.1631468544128E+02   0.1000000000000E+01   0.0000000000000E+00   0.0000000000000E+00   0.0000000000000E+00
   0.7400000000000E+00   0.2933749956371E+02   0.0000000000000E+00  -0.7447710542766E+01   0.0000000000000E+00   0.0000000000000E+00   0.0000000000000E+00   0.2368077512384E+02   0.0000000000000E+00  -0.1639084640241E+02   0.1000000000000E+01   0.0000000000000E+00   0.0000000000000E+00   0.0000000000000E+00
   0.7500000000000E+00   0.2927944550217E+02   0.0000000000000E+00  -0.7111550979654E+01   0.0000000000000E+00   0.0000000000000E+00   0.0000000000000E+00   0.2397385953750E+02   0.0000000000000E+00  -0.1646364210152E+02   0.1000000000000E+01   0.0000000000000E+00   0.0000000000000E+00   0.0000000000000E+00
   0.7600000000000E+00   0.2922176102052E+02   0.0000000000000E+00  -0.6776117092150E+01   0.0000000000000E+00   0.0000000000000E+00   0.0000000000000E+00   0.2426636526582E+02   0.0000000000000E+00  -0.1653307984088E+02   0.1000000000000E+01   0.0000000000000E+00   0.0000000000000E+00   0.0000000000000E+00
   0.7700000000000E+00   0.2916443729901E+02   0.0000000000000E+00  -0.6441400004499E+01   0.0000000000000E+00   0.0000000000000E+00   0.0000000000000E+00   0.2455829596044E+02   0.0000000000000E+00  -0.1659916683266E+02   0.1000000000000E+01   0.0000000000000E+00   0.0000000000000E+00   0.0000000000000E+00
   0.7800000000000E+00   0.2910746556074E+02   0.0000000000000E+00  -0.6107391115131E+01   0.0000000000000E+00   0.0000000000000E+00   0.0000000000000E+00   0.2484965518507E+02   0.0000000000000E+00  -0.1666191020160E+02   0.1000000000000E+01   0.0000000000000E+00   0.0000000000000E+00   0.0000000000000E+00
   0.7900000000000E+00   0.2905083707209E+02   0.0000000000000E+00  -0.5774082096206E+01   0.0000000000000E+00   0.0000000000000E+00   0.0000000000000E+00   0.2514044641582E+02   0.0000000000000E+00  -0.1672131698782E+02   0.1000000000000E+01   0.0000000000000E+00   0.0000000000000E+00   0.0000000000000E+00
   0.8000000000000E+00   0.2899454314328E+02   0.0000000000000E+00  -0.5441464893126E+01   0.0000000000000E+00   0.0000000000000E+00   0.0000000000000E+00   0.2543067304171E+02   0.0000000000000E+00  -0.1677739414954E+02   0.1000000000000E+01   0.0000000000000E+00   0.0000000000000E+00   0.0000000000000E+00
   0.8100000000000E+00   0.2893857512894E+02   0.0000000000000E+00  -0.5109531724022E+01   0.0000000000000E+00   0.0000000000000E+00   0.0000000000000E+00   0.2572033836506E+02   0.0000000000000E+00  -0.1683014856576E+02   0.1000000000000E+01   0.0000000000000E+00   0.0000000000000E+00   0.0000000000000E+00
   0.8200000000000E+00   0.2888292442889E+02   0.0000000000000E+00  -0.4778275079215E+01   0.0000000000000E+00   0.0000000000000E+00   0.0000000000000E+00   0.2600944560199E+02   0.0000000000000E+00  -0.1687958703906E+02   0.1000000000000E+01   0.0000000000000E+00   0.0000000000000E+00   0.0000000000000E+00
   0.8300000000000E+00   0.2882758248890E+02   0.0000000000000E+00  -0.4447687720626E+01   0.0000000000000E+00   0.0000000000000E+00   0.0000000000000E+00   0.2629799788283E+02   0.0000000000000E+00  -0.1692571629826E+02   0.1000000000000E+01   0.0000000000000E+00   0.0000000000000E+00   0.0000000000000E+00
   0.8400000000000E+00   0.2877254080166E+02   0.0000000000000E+00  -0.4117762681147E+01   0.0000000000000E+00   0.0000000000000E+00   0.0000000000000E+00   0.2658599825261E+02   0.0000000000000E+00  -0.1696854300117E+02   0.1000000000000E+01   0.0000000000000E+00   0.0000000000000E+00   0.0000000000000E+00
   0.8500000000000E+00   0.2871779090773E+02   0.0000000000000E+00  -0.3788493263950E+01   0.0000000000000E+00   0.0000000000000E+00   0.0000000000000E+00   0.2687344967151E+02   0.0000000000000E+00  -0.1700807373726E+02   0.1000000000000E+01   0.0000000000000E+00   0.0000000000000E+00   0.0000000000000E+00
   0.8600000000000E+00   0.2866332439663E+02   0.0000000000000E+00  -0.3459873041747E+01   0.0000000000000E+00   0.0000000000000E+00   0.0000000000000E+00   0.2716035501537E+02   0.0000000000000E+00  -0.1704431503039E+02   0.1000000000000E+01   0.0000000000000E+00   0.0000000000000E+00   0.0000000000000E+00
   0.8700000000000E+00   0.2860913290801E+02   0.0000000000000E+00  -0.3131895855972E+01   0.0000000000000E+00   0.0000000000000E+00   0.0000000000000E+00   0.2744671707617E+02   0.0000000000000E+00  -0.1707727334151E+02   0.1000000000000E+01   0.0000000000000E+00   0.0000000000000E+00   0.0000000000000E+00
   0.8800000000000E+00   0.2855520813290E+02   0.0000000000000E+00  -0.2804555815900E+01   0.0000000000000E+00   0.0000000000000E+00   0.0000000000000E+00   0.2773253856257E+02   0.0000000000000E+00  -0.1710695507129E+02   0.1000000000000E+01   0.0000000000000E+00   0.0000000000000E+00   0.0000000000000E+00
   0.8900000000000E+00   0.2850154181503E+02   0.0000000000000E+00  -0.2477847297681E+01   0.0000000000000E+00   0.0000000000000E+00   0.0000000000000E+00   0.2801782210035E+02   0.0000000000000E+00  -0.1713336656286E+02   0.1000000000000E+01   0.0000000000000E+00   0.0000000000000E+00   0.0000000000000E+00
   0.9000000000000E+00   0.2844812575221E+02   0.0000000000000E+00  -0.2151764943298E+01   0.0000000000000E+00   0.0000000000000E+00   0.0000000000000E+00   0.2830257023304E+02   0.0000000000000E+00  -0.1715651410442E+02   0.1000000000000E+01   0.0000000000000E+00   0.0000000000000E+00   0.0000000000000E+00
   0.9100000000000E+00   0.2839495179779E+02   0.0000000000000E+00  -0.1826303659429E+01   0.0000000000000E+00   0.0000000000000E+00   0.0000000000000E+00   0.2858678542242E+02   0.0000000000000E+00  -0.1717640393193E+02   0.1000000000000E+01   0.0000000000000E+00   0.0000000000000E+00   0.0000000000000E+00
   0.9200000000000E+00   0.2834201186222E+02   0.0000000000000E+00  -0.1501458616216E+01   0.0000000000000E+00   0.0000000000000E+00   0.0000000000000E+00   0.2887047004906E+02   0.0000000000000E+00  -0.1719304223171E+02   0.1000000000000E+01   0.0000000000000E+00   0.0000000000000E+00   0.0000000000000E+00
   0.9300000000000E+00   0.2828929791457E+02   0.0000000000000E+00  -0.1177225245941E+01   0.0000000000000E+00   0.0000000000000E+00   0.0000000000000E+00   0.2915362641295E+02   0.0000000000000E+00  -0.1720643514313E+02   0.1000000000000E+01   0.0000000000000E+00   0.0000000000000E+00   0.0000000000000E+00
   0.9400000000000E+00   0.2823680198423E+02   0.0000000000000E+00  -0.8535992415911E+00   0.0000000000000E+00   0.0000000000000E+00   0.0000000000000E+00   0.2943625673406E+02   0.0000000000000E+00  -0.1721658876115E+02   0.1000000000000E+01   0.0000000000000E+00   0.0000000000000E+00   0.0000000000000E+00
   0.9500000000000E+00   0.2818451616257E+02   0.0000000000000E+00  -0.5305765553213E+00   0.0000000000000E+00   0.0000000000000E+00   0.0000000000000E+00   0.2971836315299E+02   0.0000000000000E+00  -0.1722350913898E+02   0.1000000000000E+01   0.0000000000000E+00   0.0000000000000E+00   0.0000000000000E+00
   0.9600000000000E+00   0.2813243260467E+02   0.0000000000000E+00  -0.2081533968036E+00   0.0000000000000E+00   0.0000000000000E+00   0.0000000000000E+00   0.2999994773152E+02   0.0000000000000E+00  -0.1722720229064E+02   0.1000000000000E+01   0.0000000000000E+00   0.0000000000000E+00   0.0000000000000E+00
   0.9700000000000E+00   0.2808054353110E+02   0.0000000000000E+00   0.1136737685373E+00   0.0000000000000E+00   0.0000000000000E+00   0.0000000000000E+00   0.3028101245335E+02   0.0000000000000E+00  -0.1722767419353E+02   0.1000000000000E+01   0.0000000000000E+00   0.0000000000000E+00   0.0000000000000E+00
   0.9800000000000E+00   0.2802884122975E+02   0.0000000000000E+00   0.4349082214062E+00   0.0000000000000E+00   0.0000000000000E+00   0.0000000000000E+00   0.3056155922471E+02   0.0000000000000E+00  -0.1722493079095E+02   0.1000000000000E+01   0.0000000000000E+00   0.0000000000000E+00   0.0000000000000E+00
   0.9900000000000E+00   0.2797731805762E+02   0.0000000000000E+00   0.7555529906390E+00   0.0000000000000E+00   0.0000000000000E+00   0.0000000000000E+00   0.3084158987504E+02   0.0000000000000E+00  -0.1721897799468E+02   0.1000000000000E+01   0.0000000000000E+00   0.0000000000000E+00   0.0000000000000E+00
   0.1000000000000E+01   0.2792596644270E+02   0.0000000000000E+00   0.1075610855328E+01   0.0000000000000E+00   0.0000000000000E+00   0.0000000000000E+00   0.3112110615771E+02   0.0000000000000E+00  -0.1720982168745E+02   0.1000000000000E+01   0.0000000000000E+00   0.0000000000000E+00   0.0000000000000E+00
   0.1010000000000E+01   0.2787477888585E+02   0.0000000000000E+00   0.1395084347068E+01   0.0000000000000E+00   0.0000000000000E+00   0.0000000000000E+00   0.3140010975074E+02   0.0000000000000E+00  -0.1719746772545E+02   0.1000000000000E+01   0.0000000000000E+00   0.0000000000000E+00   0.0000000000000E+00
   0.1020000000000E+01   0.2782374796271E+02   0.0000000000000E+00   0.1713975752332E+01   0.0000000000000E+00   0.0000000000000E+00   0.0000000000000E+00   0.3167860225753E+02   0.0000000000000E+00  -0.1718192194076E+02   0.1000000000000E+01   0.0000000000000E+00   0.0000000000000E+00   0.0000000000000E+00
   0.1030000000000E+01   0.2777286632554E+02   0.0000000000000E+00   0.2032287114969E+01   0.0000000000000E+00   0.0000000000000E+00   0.0000000000000E+00   0.3195658520761E+02   0.0000000000000E+00  -0.1716319014384E+02   0.1000000000000E+01   0.0000000000000E+00   0.0000000000000E+00   0.0000000000000E+00
   0.1040000000000E+01   0.2772212670514E+02   0.0000000000000E+00   0.2350020238829E+01   0.0000000000000E+00   0.0000000000000E+00   0.0000000000000E+00   0.3223406005742E+02   0.0000000000000E+00  -0.1714127812589E+02   0.1000000000000E+01   0.0000000000000E+00   0.0000000000000E+00   0.0000000000000E+00
   0.1050000000000E+01   0.2767152191277E+02   0.0000000000000E+00   0.2667176690514E+01   0.0000000000000E+00   0.0000000000000E+00   0.0000000000000E+00   0.3251102819113E+02   0.0000000000000E+00  -0.1711619166127E+02   0.1000000000000E+01   0.0000000000000E+00   0.0000000000000E+00   0.0000000000000E+00
   0.1060000000000E+01   0.2762104484198E+02   0.0000000000000E+00   0.2983757802256E+01   0.0000000000000E+00   0.0000000000000E+00   0.0000000000000E+00   0.3278749092140E+02   0.0000000000000E+00  -0.1708793650985E+02   0.1000000000000E+01   0.0000000000000E+00   0.0000000000000E+00   0.0000000000000E+00
   0.1070000000000E+01   0.2757068847048E+02   0.0000000000000E+00   0.3299764674918E+01   0.0000000000000E+00   0.0000000000000E+00   0.0000000000000E+00   0.3306344949029E+02   0.0000000000000E+00  -0.1705651841932E+02   0.1000000000000E+01   0.0000000000000E+00   0.0000000000000E+00   0.0000000000000E+00
   0.1080000000000E+01   0.2752044586200E+02   0.0000000000000E+00   0.3615198181118E+01   0.0000000000000E+00   0.0000000000000E+00   0.0000000000000E+00   0.3333890507001E+02   0.0000000000000E+00  -0.1702194312754E+02   0.1000000000000E+01   0.0000000000000E+00   0.0000000000000E+00   0.0000000000000E+00
   0.1090000000000E+01   0.2747031016808E+02   0.0000000000000E+00   0.3930058968472E+01   0.0000000000000E+00   0.0000000000000E+00   0.0000000000000E+00   0.3361385876390E+02   0.0000000000000E+00  -0.1698421636473E+02   0.1000000000000E+01   0.0000000000000E+00   0.0000000000000E+00   0.0000000000000E+00
   0.1100000000000E+01   0.2742027462986E+02   0.0000000000000E+00   0.4244347462965E+01   0.0000000000000E+00   0.0000000000000E+00   0.0000000000000E+00   0.3388831160721E+02   0.0000000000000E+00  -0.1694334385578E+02   0.1000000000000E+01   0.0000000000000E+00   0.0000000000000E+00   0.0000000000000E+00
   0.1110000000000E+01   0.2737033257979E+02   0.0000000000000E+00   0.4558063872422E+01   0.0000000000000E+00   0.0000000000000E+00   0.0000000000000E+00   0.3416226456811E+02   0.0000000000000E+00  -0.1689933132239E+02   0.1000000000000E+01   0.0000000000000E+00   0.0000000000000E+00   0.0000000000000E+00
   0.1120000000000E+01   0.2732047744339E+02   0.0000000000000E+00   0.4871208190109E+01   0.0000000000000E+00   0.0000000000000E+00   0.0000000000000E+00   0.3443571854851E+02   0.0000000000000E+00  -0.1685218448528E+02   0.1000000000000E+01   0.0000000000000E+00   0.0000000000000E+00   0.0000000000000E+00
   0.1130000000000E+01   0.2727070274081E+02   0.0000000000000E+00   0.5183780198430E+01   0.0000000000000E+00   0.0000000000000E+00   0.0000000000000E+00   0.3470867438508E+02   0.0000000000000E+00  -0.1680190906626E+02   0.1000000000000E+01   0.0000000000000E+00   0.0000000000000E+00   0.0000000000000E+00
   0.1140000000000E+01   0.2722100208850E+02   0.0000000000000E+00   0.5495779472740E+01   0.0000000000000E+00   0.0000000000000E+00   0.0000000000000E+00   0.3498113285015E+02   0.0000000000000E+00  -0.1674851079039E+02   0.1000000000000E+01   0.0000000000000E+00   0.0000000000000E+00   0.0000000000000E+00
   0.1150000000000E+01   0.2717136920073E+02   0.0000000000000E+00   0.5807205385248E+01   0.0000000000000E+00   0.0000000000000E+00   0.0000000000000E+00   0.3525309465272E+02   0.0000000000000E+00  -0.1669199538798E+02   0.1000000000000E+01   0.0000000000000E+00   0.0000000000000E+00   0.0000000000000E+00
   0.1160000000000E+01   0.2712179789104E+02   0.0000000000000E+00   0.6118057109031E+01   0.0000000000000E+00   0.0000000000000E+00   0.0000000000000E+00   0.3552456043941E+02   0.0000000000000E+00  -0.1663236859662E+02   0.1000000000000E+01   0.0000000000000E+00   0.0000000000000E+00   0.0000000000000E+00
   0.1170000000000E+01   0.2707228207370E+02   0.0000000000000E+00   0.6428333622127E+01   0.0000000000000E+00   0.0000000000000E+00   0.0000000000000E+00   0.3579553079550E+02   0.0000000000000E+00  -0.1656963616314E+02   0.1000000000000E+01   0.0000000000000E+00   0.0000000000000E+00   0.0000000000000E+00
   0.1180000000000E+01   0.2702281576502E+02   0.0000000000000E+00   0.6738033711721E+01   0.0000000000000E+00   0.0000000000000E+00   0.0000000000000E+00   0.3606600624590E+02   0.0000000000000E+00  -0.1650380384556E+02   0.1000000000000E+01   0.0000000000000E+00   0.0000000000000E+00   0.0000000000000E+00
   0.1190000000000E+01   0.2697339308468E+02   0.0000000000000E+00   0.7047155978417E+01   0.0000000000000E+00   0.0000000000000E+00   0.0000000000000E+00   0.3633598725622E+02   0.0000000000000E+00  -0.1643487741496E+02   0.1000000000000E+01   0.0000000000000E+00   0.0000000000000E+00   0.0000000000000E+00
   0.1200000000000E+01   0.2692400825687E+02   0.0000000000000E+00   0.7355698840576E+01   0.0000000000000E+00   0.0000000000000E+00   0.0000000000000E+00   0.3660547423376E+02   0.0000000000000E+00  -0.1636286265732E+02   0.1000000000000E+01   0.0000000000000E+00   0.0000000000000E+00   0.0000000000000E+00
   0.1210000000000E+01   0.2687465561147E+02   0.0000000000000E+00   0.7663660538738E+01   0.0000000000000E+00   0.0000000000000E+00   0.0000000000000E+00   0.3687446752861E+02   0.0000000000000E+00  -0.1628776537534E+02   0.1000000000000E+01   0.0000000000000E+00   0.0000000000000E+00   0.0000000000000E+00
   0.1220000000000E+01   0.2682532958510E+02   0.0000000000000E+00   0.7971039140093E+01   0.0000000000000E+00   0.0000000000000E+00   0.0000000000000E+00   0.3714296743470E+02   0.0000000000000E+00  -0.1620959139018E+02   0.1000000000000E+01   0.0000000000000E+00   0.0000000000000E+00   0.0000000000000E+00
   0.1230000000000E+01   0.2677602472204E+02   0.0000000000000E+00   0.8277832543031E+01   0.0000000000000E+00   0.0000000000000E+00   0.0000000000000E+00   0.3741097419085E+02   0.0000000000000E+00  -0.1612834654317E+02   0.1000000000000E+01   0.0000000000000E+00   0.0000000000000E+00   0.0000000000000E+00
   0.1240000000000E+01   0.2672673567519E+02   0.0000000000000E+00   0.8584038481725E+01   0.0000000000000E+00   0.0000000000000E+00   0.0000000000000E+00   0.3767848798185E+02   0.0000000000000E+00  -0.1604403669751E+02   0.1000000000000E+01   0.0000000000000E+00   0.0000000000000E+00   0.0000000000000E+00
   0.1250000000000E+01   0.2667745720683E+02   0.0000000000000E+00   0.8889654530777E+01   0.0000000000000E+00   0.0000000000000E+00   0.0000000000000E+00   0.3794550893960E+02   0.0000000000000E+00  -0.1595666773981E+02   0.1000000000000E+01   0.0000000000000E+00   0.0000000000000E+00   0.0000000000000E+00
   0.1260000000000E+01   0.2662818418939E+02   0.0000000000000E+00   0.9194678109896E+01   0.0000000000000E+00   0.0000000000000E+00   0.0000000000000E+00   0.3821203714414E+02   0.0000000000000E+00  -0.1586624558177E+02   0.1000000000000E+01   0.0000000000000E+00   0.0000000000000E+00   0.0000000000000E+00
   0.1270000000000E+01   0.2657891160601E+02   0.0000000000000E+00   0.9499106488616E+01   0.0000000000000E+00   0.0000000000000E+00   0.0000000000000E+00   0.3847807262482E+02   0.0000000000000E+00  -0.1577277616160E+02   0.1000000000000E+01   0.0000000000000E+00   0.0000000000000E+00   0.0000000000000E+00
   0.1280000000000E+01   0.2652963455121E+02   0.0000000000000E+00   0.9802936791040E+01   0.0000000000000E+00   0.0000000000000E+00   0.0000000000000E+00   0.3874361536135E+02   0.0000000000000E+00  -0.1567626544556E+02   0.1000000000000E+01   0.0000000000000E+00   0.0000000000000E+00   0.0000000000000E+00
   0.1290000000000E+01   0.2648034823124E+02   0.0000000000000E+00   0.1010616600061E+02   0.0000000000000E+00   0.0000000000000E+00   0.0000000000000E+00   0.3900866528495E+02   0.0000000000000E+00  -0.1557671942940E+02   0.1000000000000E+01   0.0000000000000E+00   0.0000000000000E+00   0.0000000000000E+00
   0.1300000000000E+01   0.2643104796456E+02   0.0000000000000E+00   0.1040879096490E+02   0.0000000000000E+00   0.0000000000000E+00   0.0000000000000E+00   0.3927322227947E+02   0.0000000000000E+00  -0.1547414413968E+02   0.1000000000000E+01   0.0000000000000E+00   0.0000000000000E+00   0.0000000000000E+00
   0.1310000000000E+01   0.2638172918209E+02   0.0000000000000E+00   0.1071080840038E+02   0.0000000000000E+00   0.0000000000000E+00   0.0000000000000E+00   0.3953728618250E+02   0.0000000000000E+00  -0.1536854563518E+02   0.1000000000000E+01   0.0000000000000E+00   0.0000000000000E+00   0.0000000000000E+00
   0.1320000000000E+01   0.2633238742745E+02   0.0000000000000E+00   0.1101221489728E+02   0.0000000000000E+00   0.0000000000000E+00   0.0000000000000E+00   0.3980085678652E+02   0.0000000000000E+00  -0.1525993000812E+02   0.1000000000000E+01   0.0000000000000E+00   0.0000000000000E+00   0.0000000000000E+00
   0.1330000000000E+01   0.2628301835708E+02   0.0000000000000E+00   0.1131300692433E+02   0.0000000000000E+00   0.0000000000000E+00   0.0000000000000E+00   0.4006393383999E+02   0.0000000000000E+00  -0.1514830338545E+02   0.1000000000000E+01   0.0000000000000E+00   0.0000000000000E+00   0.0000000000000E+00
   0.1340000000000E+01   0.2623361774030E+02   0.0000000000000E+00   0.1161318083360E+02   0.0000000000000E+00   0.0000000000000E+00   0.0000000000000E+00   0.4032651704850E+02   0.0000000000000E+00  -0.1503367193001E+02   0.1000000000000E+01   0.0000000000000E+00   0.0000000000000E+00   0.0000000000000E+00
   0.1350000000000E+01   0.2618418145928E+02   0.0000000000000E+00   0.1191273286525E+02   0.0000000000000E+00   0.0000000000000E+00   0.0000000000000E+00   0.4058860607590E+02   0.0000000000000E+00  -0.1491604184168E+02   0.1000000000000E+01   0.0000000000000E+00   0.0000000000000E+00   0.0000000000000E+00
   0.1360000000000E+01   0.2613470550894E+02   0.0000000000000E+00   0.1221165915234E+02   0.0000000000000E+00   0.0000000000000E+00   0.0000000000000E+00   0.4085020054544E+02   0.0000000000000E+00  -0.1479541935850E+02   0.1000000000000E+01   0.0000000000000E+00   0.0000000000000E+00   0.0000000000000E+00
   0.1370000000000E+01   0.2608518599676E+02   0.0000000000000E+00   0.1250995572556E+02   0.0000000000000E+00   0.0000000000000E+00   0.0000000000000E+00   0.4111130004086E+02   0.0000000000000E+00  -0.1467181075767E+02   0.1000000000000E+01   0.0000000000000E+00   0.0000000000000E+00   0.0000000000000E+00
   0.1380000000000E+01   0.2603561914251E+02   0.0000000000000E+00   0.1280761851795E+02   0.0000000000000E+00   0.0000000000000E+00   0.0000000000000E+00   0.4137190410755E+02   0.0000000000000E+00  -0.1454522235658E+02   0.1000000000000E+01   0.0000000000000E+00   0.0000000000000E+00   0.0000000000000E+00
   0.1390000000000E+01   0.2598600127795E+02   0.0000000000000E+00   0.1310464336959E+02   0.0000000000000E+00   0.0000000000000E+00   0.0000000000000E+00   0.4163201225366E+02   0.0000000000000E+00  -0.1441566051377E+02   0.1000000000000E+01   0.0000000000000E+00   0.0000000000000E+00   0.0000000000000E+00
   0.1400000000000E+01   0.2593632884637E+02   0.0000000000000E+00   0.1340102603228E+02   0.0000000000000E+00   0.0000000000000E+00   0.0000000000000E+00   0.4189162395121E+02   0.0000000000000E+00  -0.1428313162980E+02   0.1000000000000E+01   0.0000000000000E+00   0.0000000000000E+00   0.0000000000000E+00
   0.1410000000000E+01   0.2588659840217E+02   0.0000000000000E+00   0.1369676217415E+02   0.0000000000000E+00   0.0000000000000E+00   0.0000000000000E+00   0.4215073863720E+02   0.0000000000000E+00  -0.1414764214818E+02   0.1000000000000E+01   0.0000000000000E+00   0.0000000000000E+00   0.0000000000000E+00
   0.1420000000000E+01   0.2583680661030E+02   0.0000000000000E+00   0.1399184738421E+02   0.0000000000000E+00   0.0000000000000E+00   0.0000000000000E+00   0.4240935571474E+02   0.0000000000000E+00  -0.1400919855608E+02   0.1000000000000E+01   0.0000000000000E+00   0.0000000000000E+00   0.0000000000000E+00
   0.1430000000000E+01   0.2578695024562E+02   0.0000000000000E+00   0.1428627717692E+02   0.0000000000000E+00   0.0000000000000E+00   0.0000000000000E+00   0.4266747455415E+02   0.0000000000000E+00  -0.1386780738520E+02   0.1000000000000E+01   0.0000000000000E+00   0.0000000000000E+00   0.0000000000000E+00
   0.1440000000000E+01   0.2573702619227E+02   0.0000000000000E+00   0.1458004699666E+02   0.0000000000000E+00   0.0000000000000E+00   0.0000000000000E+00   0.4292509449401E+02   0.0000000000000E+00  -0.1372347521244E+02   0.1000000000000E+01   0.0000000000000E+00   0.0000000000000E+00   0.0000000000000E+00
   0.1450000000000E+01   0.2568703144296E+02   0.0000000000000E+00   0.1487315222215E+02   0.0000000000000E+00   0.0000000000000E+00   0.0000000000000E+00   0.4318221484233E+02   0.0000000000000E+00  -0.1357620866058E+02   0.1000000000000E+01   0.0000000000000E+00   0.0000000000000E+00   0.0000000000000E+00
   0.1460000000000E+01   0.2563696309811E+02   0.0000000000000E+00   0.1516558817081E+02   0.0000000000000E+00   0.0000000000000E+00   0.0000000000000E+00   0.4343883487754E+02   0.0000000000000E+00  -0.1342601439891E+02   0.1000000000000E+01   0.0000000000000E+00   0.0000000000000E+00   0.0000000000000E+00
   0.1470000000000E+01   0.2558681836508E+02   0.0000000000000E+00   0.1545735010310E+02   0.0000000000000E+00   0.0000000000000E+00   0.0000000000000E+00   0.4369495384965E+02   0.0000000000000E+00  -0.1327289914387E+02   0.1000000000000E+01   0.0000000000000E+00   0.0000000000000E+00   0.0000000000000E+00
   0.1480000000000E+01   0.2553659455725E+02   0.0000000000000E+00   0.1574843322675E+02   0.0000000000000E+00   0.0000000000000E+00   0.0000000000000E+00   0.4395057098125E+02   0.0000000000000E+00  -0.1311686965954E+02   0.1000000000000E+01   0.0000000000000E+00   0.0000000000000E+00   0.0000000000000E+00
   0.1490000000000E+01   0.2548628909307E+02   0.0000000000000E+00   0.1603883270094E+02   0.0000000000000E+00   0.0000000000000E+00   0.0000000000000E+00   0.4420568546859E+02   0.0000000000000E+00  -0.1295793275816E+02   0.1000000000000E+01   0.0000000000000E+00   0.0000000000000E+00   0.0000000000000E+00
   0.1500000000000E+01   0.2543589949509E+02   0.0000000000000E+00   0.1632854364044E+02   0.0000000000000E+00   0.0000000000000E+00   0.0000000000000E+00   0.4446029648265E+02   0.0000000000000E+00  -0.1279609530063E+02   0.1000000000000E+01   0.0000000000000E+00   0.0000000000000E+00   0.0000000000000E+00
   0.1510000000000E+01   0.2538542338891E+02   0.0000000000000E+00   0.1661756111964E+02   0.0000000000000E+00   0.0000000000000E+00   0.0000000000000E+00   0.4471440317012E+02   0.0000000000000E+00  -0.1263136419688E+02   0.1000000000000E+01   0.0000000000000E+00   0.0000000000000E+00   0.0000000000000E+00
   0.1520000000000E+01   0.2533485850211E+02   0.0000000000000E+00   0.1690588017654E+02   0.0000000000000E+00   0.0000000000000E+00   0.0000000000000E+00   0.4496800465448E+02   0.0000000000000E+00  -0.1246374640630E+02   0.1000000000000E+01   0.0000000000000E+00   0.0000000000000E+00   0.0000000000000E+00
   0.1530000000000E+01   0.2528420266316E+02   0.0000000000000E+00   0.1719349581666E+02   0.0000000000000E+00   0.0000000000000E+00   0.0000000000000E+00   0.4522110003698E+02   0.0000000000000E+00  -0.1229324893806E+02   0.1000000000000E+01   0.0000000000000E+00   0.0000000000000E+00   0.0000000000000E+00
   0.1540000000000E+01   0.2523345380022E+02   0.0000000000000E+00   0.1748040301686E+02   0.0000000000000E+00   0.0000000000000E+00   0.0000000000000E+00   0.4547368839765E+02   0.0000000000000E+00  -0.1211987885143E+02   0.1000000000000E+01   0.0000000000000E+00   0.0000000000000E+00   0.0000000000000E+00
   0.1550000000000E+01   0.2518260994001E+02   0.0000000000000E+00   0.1776659672914E+02   0.0000000000000E+00   0.0000000000000E+00   0.0000000000000E+00   0.4572576879631E+02   0.0000000000000E+00  -0.1194364325601E+02   0.1000000000000E+01   0.0000000000000E+00   0.0000000000000E+00   0.0000000000000E+00
   0.1560000000000E+01   0.2513166920656E+02   0.0000000000000E+00   0.1805207188427E+02   0.0000000000000E+00   0.0000000000000E+00   0.0000000000000E+00   0.4597734027353E+02   0.0000000000000E+00  -0.1176454931203E+02   0.1000000000000E+01   0.0000000000000E+00   0.0000000000000E+00   0.0000000000000E+00
   0.1570000000000E+01   0.2508062981997E+02   0.0000000000000E+00   0.1833682339543E+02   0.0000000000000E+00   0.0000000000000E+00   0.0000000000000E+00   0.4622840185159E+02   0.0000000000000E+00  -0.1158260423047E+02   0.1000000000000E+01   0.0000000000000E+00   0.0000000000000E+00   0.0000000000000E+00
   0.1580000000000E+01   0.2502949009515E+02   0.0000000000000E+00   0.1862084616173E+02   0.0000000000000E+00   0.0000000000000E+00   0.0000000000000E+00   0.4647895253546E+02   0.0000000000000E+00  -0.1139781527327E+02   0.1000000000000E+01   0.0000000000000E+00   0.0000000000000E+00   0.0000000000000E+00
   0.1590000000000E+01   0.2497824844053E+02   0.0000000000000E+00   0.1890413507169E+02   0.0000000000000E+00   0.0000000000000E+00   0.0000000000000E+00   0.4672899131372E+02   0.0000000000000E+00  -0.1121018975342E+02   0.1000000000000E+01   0.0000000000000E+00   0.0000000000000E+00   0.0000000000000E+00
   0.1600000000000E+01   0.2492690335671E+02   0.0000000000000E+00   0.1918668500658E+02   0.0000000000000E+00   0.0000000000000E+00   0.0000000000000E+00   0.4697851715949E+02   0.0000000000000E+00  -0.1101973503508E+02   0.1000000000000E+01   0.0000000000000E+00   0.0000000000000E+00   0.0000000000000E+00
   0.1610000000000E+01   0.2487545343515E+02   0.0000000000000E+00   0.1946849084373E+02   0.0000000000000E+00   0.0000000000000E+00   0.0000000000000E+00   0.4722752903138E+02   0.0000000000000E+00  -0.1082645853361E+02   0.1000000000000E+01   0.0000000000000E+00   0.0000000000000E+00   0.0000000000000E+00
   0.1620000000000E+01   0.2482389735682E+02   0.0000000000000E+00   0.1974954745974E+02   0.0000000000000E+00   0.0000000000000E+00   0.0000000000000E+00   0.4747602587433E+02   0.0000000000000E+00  -0.1063036771561E+02   0.1000000000000E+01   0.0000000000000E+00   0.0000000000000E+00   0.0000000000000E+00
   0.1630000000000E+01   0.2477223389079E+02   0.0000000000000E+00   0.2002984973365E+02   0.0000000000000E+00   0.0000000000000E+00   0.0000000000000E+00   0.4772400662055E+02   0.0000000000000E+00  -0.1043147009889E+02   0.1000000000000E+01   0.0000000000000E+00   0.0000000000000E+00   0.0000000000000E+00
   0.1640000000000E+01   0.2472046189291E+02   0.0000000000000E+00   0.2030939254996E+02   0.0000000000000E+00   0.0000000000000E+00   0.0000000000000E+00   0.4797147019036E+02   0.0000000000000E+00  -0.1022977325246E+02   0.1000000000000E+01   0.0000000000000E+00   0.0000000000000E+00   0.0000000000000E+00
   0.1650000000000E+01   0.2466858030432E+02   0.0000000000000E+00   0.2058817080163E+02   0.0000000000000E+00   0.0000000000000E+00   0.0000000000000E+00   0.4821841549309E+02   0.0000000000000E+00  -0.1002528479644E+02   0.1000000000000E+01   0.0000000000000E+00   0.0000000000000E+00   0.0000000000000E+00
   0.1660000000000E+01   0.2461658815015E+02   0.0000000000000E+00   0.2086617939299E+02   0.0000000000000E+00   0.0000000000000E+00   0.0000000000000E+00   0.4846484142789E+02   0.0000000000000E+00  -0.9818012401960E+01   0.1000000000000E+01   0.0000000000000E+00   0.0000000000000E+00   0.0000000000000E+00
   0.1670000000000E+01   0.2456448453800E+02   0.0000000000000E+00   0.2114341324257E+02   0.0000000000000E+00   0.0000000000000E+00   0.0000000000000E+00   0.4871074688456E+02   0.0000000000000E+00  -0.9607963791049E+01   0.1000000000000E+01   0.0000000000000E+00   0.0000000000000E+00   0.0000000000000E+00
   0.1680000000000E+01   0.2451226865659E+02   0.0000000000000E+00   0.2141986728580E+02   0.0000000000000E+00   0.0000000000000E+00   0.0000000000000E+00   0.4895613074441E+02   0.0000000000000E+00  -0.9395146736463E+01   0.1000000000000E+01   0.0000000000000E+00   0.0000000000000E+00   0.0000000000000E+00
   0.1690000000000E+01   0.2445993977430E+02   0.0000000000000E+00   0.2169553647776E+02   0.0000000000000E+00   0.0000000000000E+00   0.0000000000000E+00   0.4920099188101E+02   0.0000000000000E+00  -0.9179569061504E+01   0.1000000000000E+01   0.0000000000000E+00   0.0000000000000E+00   0.0000000000000E+00
   0.1700000000000E+01   0.2440749723774E+02   0.0000000000000E+00   0.2197041579570E+02   0.0000000000000E+00   0.0000000000000E+00   0.0000000000000E+00   0.4944532916104E+02   0.0000000000000E+00  -0.8961238639821E+01   0.1000000000000E+01   0.0000000000000E+00   0.0000000000000E+00   0.0000000000000E+00
   0.1710000000000E+01   0.2435494047033E+02   0.0000000000000E+00   0.2224450024162E+02   0.0000000000000E+00   0.0000000000000E+00   0.0000000000000E+00   0.4968914144499E+02   0.0000000000000E+00  -0.8740163395165E+01   0.1000000000000E+01   0.0000000000000E+00   0.0000000000000E+00   0.0000000000000E+00
   0.1720000000000E+01   0.2430226897084E+02   0.0000000000000E+00   0.2251778484468E+02   0.0000000000000E+00   0.0000000000000E+00   0.0000000000000E+00   0.4993242758800E+02   0.0000000000000E+00  -0.8516351301133E+01   0.1000000000000E+01   0.0000000000000E+00   0.0000000000000E+00   0.0000000000000E+00
   0.1730000000000E+01   0.2424948231197E+02   0.0000000000000E+00   0.2279026466355E+02   0.0000000000000E+00   0.0000000000000E+00   0.0000000000000E+00   0.5017518644053E+02   0.0000000000000E+00  -0.8289810380886E+01   0.1000000000000E+01   0.0000000000000E+00   0.0000000000000E+00   0.0000000000000E+00
   0.1740000000000E+01   0.2419658013892E+02   0.0000000000000E+00   0.2306193478878E+02   0.0000000000000E+00   0.0000000000000E+00   0.0000000000000E+00   0.5041741684918E+02   0.0000000000000E+00  -0.8060548706842E+01   0.1000000000000E+01   0.0000000000000E+00   0.0000000000000E+00   0.0000000000000E+00
   0.1750000000000E+01   0.2414356216794E+02   0.0000000000000E+00   0.2333279034494E+02   0.0000000000000E+00   0.0000000000000E+00   0.0000000000000E+00   0.5065911765731E+02   0.0000000000000E+00  -0.7828574400343E+01   0.1000000000000E+01   0.0000000000000E+00   0.0000000000000E+00   0.0000000000000E+00
   0.1760000000000E+01   0.2409042818493E+02   0.0000000000000E+00   0.2360282649283E+02   0.0000000000000E+00   0.0000000000000E+00   0.0000000000000E+00   0.5090028770582E+02   0.0000000000000E+00  -0.7593895631306E+01   0.1000000000000E+01   0.0000000000000E+00   0.0000000000000E+00   0.0000000000000E+00
   0.1770000000000E+01   0.2403717804398E+02   0.0000000000000E+00   0.2387203843155E+02   0.0000000000000E+00   0.0000000000000E+00   0.0000000000000E+00   0.5114092583381E+02   0.0000000000000E+00  -0.7356520617852E+01   0.1000000000000E+01   0.0000000000000E+00   0.0000000000000E+00   0.0000000000000E+00
   0.1780000000000E+01   0.2398381166599E+02   0.0000000000000E+00   0.2414042140049E+02   0.0000000000000E+00   0.0000000000000E+00   0.0000000000000E+00   0.5138103087924E+02   0.0000000000000E+00  -0.7116457625910E+01   0.1000000000000E+01   0.0000000000000E+00   0.0000000000000E+00   0.0000000000000E+00
   0.1790000000000E+01   0.2393032903726E+02   0.0000000000000E+00   0.2440797068132E+02   0.0000000000000E+00   0.0000000000000E+00   0.0000000000000E+00   0.5162060167962E+02   0.0000000000000E+00  -0.6873714968806E+01   0.1000000000000E+01   0.0000000000000E+00   0.0000000000000E+00   0.0000000000000E+00
   0.1800000000000E+01   0.2387673020803E+02   0.0000000000000E+00   0.2467468159979E+02   0.0000000000000E+00   0.0000000000000E+00   0.0000000000000E+00   0.5185963707264E+02   0.0000000000000E+00  -0.6628301006828E+01   0.1000000000000E+01   0.0000000000000E+00   0.0000000000000E+00   0.0000000000000E+00
   0.1810000000000E+01   0.2382301529117E+02   0.0000000000000E+00   0.2494054952764E+02   0.0000000000000E+00   0.0000000000000E+00   0.0000000000000E+00   0.5209813589682E+02   0.0000000000000E+00  -0.6380224146782E+01   0.1000000000000E+01   0.0000000000000E+00   0.0000000000000E+00   0.0000000000000E+00
   0.1820000000000E+01   0.2376918446072E+02   0.0000000000000E+00   0.2520556988426E+02   0.0000000000000E+00   0.0000000000000E+00   0.0000000000000E+00   0.5233609699208E+02   0.0000000000000E+00  -0.6129492841516E+01   0.1000000000000E+01   0.0000000000000E+00   0.0000000000000E+00   0.0000000000000E+00
   0.1830000000000E+01   0.2371523795057E+02   0.0000000000000E+00   0.2546973813842E+02   0.0000000000000E+00   0.0000000000000E+00   0.0000000000000E+00   0.5257351920042E+02   0.0000000000000E+00  -0.5876115589441E+01   0.1000000000000E+01   0.0000000000000E+00   0.0000000000000E+00   0.0000000000000E+00
   0.1840000000000E+01   0.2366117605306E+02   0.0000000000000E+00   0.2573304980986E+02   0.0000000000000E+00   0.0000000000000E+00   0.0000000000000E+00   0.5281040136646E+02   0.0000000000000E+00  -0.5620100934027E+01   0.1000000000000E+01   0.0000000000000E+00   0.0000000000000E+00   0.0000000000000E+00
   0.1850000000000E+01   0.2360699911765E+02   0.0000000000000E+00   0.2599550047086E+02   0.0000000000000E+00   0.0000000000000E+00   0.0000000000000E+00   0.5304674233802E+02   0.0000000000000E+00  -0.5361457463283E+01   0.1000000000000E+01   0.0000000000000E+00   0.0000000000000E+00   0.0000000000000E+00
   0.1860000000000E+01   0.2355270754954E+02   0.0000000000000E+00   0.2625708574773E+02   0.0000000000000E+00   0.0000000000000E+00   0.0000000000000E+00   0.5328254096670E+02   0.0000000000000E+00  -0.5100193809227E+01   0.1000000000000E+01   0.0000000000000E+00   0.0000000000000E+00   0.0000000000000E+00
   0.1870000000000E+01   0.2349830180839E+02   0.0000000000000E+00   0.2651780132225E+02   0.0000000000000E+00   0.0000000000000E+00   0.0000000000000E+00   0.5351779610843E+02   0.0000000000000E+00  -0.4836318647340E+01   0.1000000000000E+01   0.0000000000000E+00   0.0000000000000E+00   0.0000000000000E+00
   0.1880000000000E+01   0.2344378240697E+02   0.0000000000000E+00   0.2677764293302E+02   0.0000000000000E+00   0.0000000000000E+00   0.0000000000000E+00   0.5375250662400E+02   0.0000000000000E+00  -0.4569840695999E+01   0.1000000000000E+01   0.0000000000000E+00   0.0000000000000E+00   0.0000000000000E+00
   0.1890000000000E+01   0.2338914990985E+02   0.0000000000000E+00   0.2703660637682E+02   0.0000000000000E+00   0.0000000000000E+00   0.0000000000000E+00   0.5398667137958E+02   0.0000000000000E+00  -0.4300768715907E+01   0.1000000000000E+01   0.0000000000000E+00   0.0000000000000E+00   0.0000000000000E+00
   0.1900000000000E+01   0.2333440493212E+02   0.0000000000000E+00   0.2729468750982E+02   0.0000000000000E+00   0.0000000000000E+00   0.0000000000000E+00   0.5422028924725E+02   0.0000000000000E+00  -0.4029111509503E+01   0.1000000000000E+01   0.0000000000000E+00   0.0000000000000E+00   0.0000000000000E+00
   0.1910000000000E+01   0.2327954813814E+02   0.0000000000000E+00   0.2755188224883E+02   0.0000000000000E+00   0.0000000000000E+00   0.0000000000000E+00   0.5445335910549E+02   0.0000000000000E+00  -0.3754877920362E+01   0.1000000000000E+01   0.0000000000000E+00   0.0000000000000E+00   0.0000000000000E+00
   0.1920000000000E+01   0.2322458024020E+02   0.0000000000000E+00   0.2780818657244E+02   0.0000000000000E+00   0.0000000000000E+00   0.0000000000000E+00   0.5468587983966E+02   0.0000000000000E+00  -0.3478076832583E+01   0.1000000000000E+01   0.0000000000000E+00   0.0000000000000E+00   0.0000000000000E+00
   0.1930000000000E+01   0.2316950199735E+02   0.0000000000000E+00   0.2806359652210E+02   0.0000000000000E+00   0.0000000000000E+00   0.0000000000000E+00   0.5491785034248E+02   0.0000000000000E+00  -0.3198717170165E+01   0.1000000000000E+01   0.0000000000000E+00   0.0000000000000E+00   0.0000000000000E+00
   0.1940000000000E+01   0.2311431421413E+02   0.0000000000000E+00   0.2831810820317E+02   0.0000000000000E+00   0.0000000000000E+00   0.0000000000000E+00   0.5514926951447E+02   0.0000000000000E+00  -0.2916807896375E+01   0.1000000000000E+01   0.0000000000000E+00   0.0000000000000E+00   0.0000000000000E+00
   0.1950000000000E+01   0.2305901773932E+02   0.0000000000000E+00   0.2857171778592E+02   0.0000000000000E+00   0.0000000000000E+00   0.0000000000000E+00   0.5538013626445E+02   0.0000000000000E+00  -0.2632358013101E+01   0.1000000000000E+01   0.0000000000000E+00   0.0000000000000E+00   0.0000000000000E+00
   0.1960000000000E+01   0.2300361346480E+02   0.0000000000000E+00   0.2882442150650E+02   0.0000000000000E+00   0.0000000000000E+00   0.0000000000000E+00   0.5561044950992E+02   0.0000000000000E+00  -0.2345376560202E+01   0.1000000000000E+01   0.0000000000000E+00   0.0000000000000E+00   0.0000000000000E+00
   0.1970000000000E+01   0.2294810232431E+02   0.0000000000000E+00   0.2907621566778E+02   0.0000000000000E+00   0.0000000000000E+00   0.0000000000000E+00   0.5584020817752E+02   0.0000000000000E+00  -0.2055872614840E+01   0.1000000000000E+01   0.0000000000000E+00   0.0000000000000E+00   0.0000000000000E+00
   0.1980000000000E+01   0.2289248529226E+02   0.0000000000000E+00   0.2932709664025E+02   0.0000000000000E+00   0.0000000000000E+00   0.0000000000000E+00   0.5606941120343E+02   0.0000000000000E+00  -0.1763855290814E+01   0.1000000000000E+01   0.0000000000000E+00   0.0000000000000E+00   0.0000000000000E+00
   0.1990000000000E+01   0.2283676338264E+02   0.0000000000000E+00   0.2957706086277E+02   0.0000000000000E+00   0.0000000000000E+00   0.0000000000000E+00   0.5629805753377E+02   0.0000000000000E+00  -0.1469333737874E+01   0.1000000000000E+01   0.0000000000000E+00   0.0000000000000E+00   0.0000000000000E+00
   0.2000000000000E+01   0.2278093764780E+02   0.0000000000000E+00   0.2982610484338E+02   0.0000000000000E+00   0.0000000000000E+00   0.0000000000000E+00   0.5652614612500E+02   0.0000000000000E+00  -0.1172317141037E+01   0.1000000000000E+01   0.0000000000000E+00   0.0000000000000E+00   0.0000000000000E+00
   0.2010000000000E+01   0.2272500917737E+02   0.0000000000000E+00   0.3007422515997E+02   0.0000000000000E+00   0.0000000000000E+00   0.0000000000000E+00   0.5675367594427E+02   0.0000000000000E+00  -0.8728147198920E+00   0.1000000000000E+01   0.0000000000000E+00   0.0000000000000E+00   0.0000000000000E+00
   0.2020000000000E+01   0.2266897909710E+02   0.0000000000000E+00   0.3032141846095E+02   0.0000000000000E+00   0.0000000000000E+00   0.0000000000000E+00   0.5698064596984E+02   0.0000000000000E+00  -0.5708357278954E+00   0.1000000000000E+01   0.0000000000000E+00   0.0000000000000E+00   0.0000000000000E+00
   0.2030000000000E+01   0.2261284856783E+02   0.0000000000000E+00   0.3056768146589E+02   0.0000000000000E+00   0.0000000000000E+00   0.0000000000000E+00   0.5720705519138E+02   0.0000000000000E+00  -0.2663894516654E+00   0.1000000000000E+01   0.0000000000000E+00   0.0000000000000E+00   0.0000000000000E+00
   0.2040000000000E+01   0.2255661879528E+02   0.0000000000000E+00   0.3081301098106E+02   0.0000000000000E+00   0.0000000000000E+00   0.0000000000000E+00   0.5743290261035E+02   0.0000000000000E+00   0.4051478973433E-01   0.1000000000000E+01   0.0000000000000E+00   0.0000000000000E+00   0.0000000000000E+00
